9 12 14 10000 
1 0 0 1 0 0 1 0 0 1 0 0 
1 0 0 0 1 0 0 1 0 0 1 0
1 0 0 0 0 1 0 0 1 0 0 1
0 1 0 1 0 0 0 0 1 0 1 0
0 1 0 0 1 0 1 0 0 0 0 1
0 1 0 0 0 1 0 1 0 1 0 0
0 0 1 1 0 0 0 1 0 0 0 1
0 0 1 0 1 0 0 0 1 1 0 0
0 0 1 0 0 1 1 0 0 0 1 0


12 24 10 10000
 0 1 1 0 0 0 0 0 1 1 0 0 1 1 0 0 0 0 0 0 0 0 0 0
 0 1 0 0 0 1 1 1 0 0 0 1 0 1 1 0 0 0 0 0 0 0 0 0
 0 0 0 1 1 1 0 1 0 0 0 1 0 0 1 1 0 0 0 0 0 0 0 0
 1 0 1 0 0 0 0 0 1 1 0 0 0 0 0 1 1 0 0 0 0 0 0 0
 0 0 1 0 0 0 1 0 0 1 1 0 0 0 0 0 1 1 0 0 0 0 0 0
 0 0 0 0 1 1 0 1 0 0 0 1 1 0 0 0 0 1 1 0 0 0 0 0
 0 0 1 1 0 0 0 0 0 1 1 0 0 0 0 0 0 0 1 1 0 0 0 0
 0 1 1 0 0 0 1 0 0 1 0 0 0 0 0 0 0 0 0 1 1 0 0 0
 1 0 0 0 1 1 0 1 0 0 0 1 0 0 0 0 0 0 0 0 1 1 0 0
 0 0 0 0 0 1 0 1 0 0 1 1 0 0 0 0 0 0 0 0 0 1 1 0
 0 0 1 1 0 0 0 0 1 1 0 0 0 0 0 0 0 0 0 0 0 0 1 1
 1 0 0 0 0 1 0 1 0 0 0 1 1 0 0 0 0 0 0 0 0 0 0 1



4 6 10 100
0 0 1 1 0 1
0 1 1 0 1 0
1 1 0 0 0 1
1 0 0 1 1 0


6 8 14 264
1 0 0 1 1 0 1 0
0 1 0 0 1 1 1 0
0 0 1 1 0 1 1 0
0 1 1 1 0 0 0 1
1 0 1 0 1 0 0 1
1 1 0 0 0 1 0 1 















2 0 0 2 2 0 2 0
0 2 0 0 1 2 1 0
0 0 2 1 0 1 1 0
0 1 1 1 0 0 0 2
2 0 1 0 1 0 0 1
1 2 0 0 0 1 0 1





2 0 0 2 2 0 2 0
0 2 0 0 1 2 1 0
0 0 2 1 0 1 1 0
0 1 1 1 0 0 0 2
2 0 1 0 1 0 0 1
1 2 0 0 0 1 0 1 



6 8 14 1000
1 0 0 1 1 0 1 0
0 1 0 0 1 1 1 0
0 0 1 1 0 1 1 0
0 1 1 1 0 0 0 1
1 0 1 0 1 0 0 1
1 1 0 0 0 1 0 1 


2 3 6 3 
2 2 2
2 1 1




6 6 14 50000
  2     0     0     1     0     1   
  0     2     0     1     1     0   
  0     0     2     0     1     1   
  1     0     1     0     2     0   
  1     1     0     0     0     2   
  0     1     1     2     0     0   




4 12 12 500
 2     0     2     0     0     1     0     1     2     0     1     0
 2     0     0     2     0     1     1     0     0     2     0     1
 2     0     0     0     2     0     1     1     0     0     1     1
 0     2     1     0     1     2     0     0     0     1     2     0
 0     2     1     1     0     0     2     0     1     1     0     0
 0     2     0     1     1     0     0     2     1     0     0     2];
