0 0 107 0 7 0 0 260 154 0 87 245 0 13 33 0 66 130 0 181 101 0 6 85 

0 0 0 0 1 3


0 0 0  0 0 0  0 208 66  0 122 468  0 222 323  0 224 3  0 384 382  0 277 176  0 397 178 0 125 353  0 249 183  0 496 4



    [0    -1     0    -1     0    -1     0    -1     0    -1     0    -1
     0    -1   208    -1   222    -1   384    -1    -1     0    -1     0
     0    -1    -1     0    -1     0    -1     0   397    -1   249    -1
    -1     0    66    -1    -1   224    -1   277   178    -1    -1   496
    -1     0    -1   122   323    -1    -1   176    -1   125   183    -1
    -1     0    -1   468    -1     3   382    -1    -1   353    -1     4];




0 0 0 0  0 48 226 109  0 207 149 263 0 71 182 59
g=14 for M= 264 and all M>Mmax=639
264 384 399 462 475 483 484 486 490 491 494 497 500 501 505 511 512 515 518 524 525 
526 528 529 530 533 534 538 539 540 543 545 546 548 549 551 552 553 554 555 556 558 
559 561 563 564 565 566 567 568 571 572 573 575 576 577 578 580 581 582 583 584 585 
586 587 588 589 590 591 592 593 594 595 596 597 598 599 601 602 603 604 605 606 607 
608 609 610 611 612 613 614 615 616 617 618 619 620 621 622 623 624 625 626 627 628 
629 630 631 632 633 634 635 636 637 639 ...
g=14 for M= 264 and all M>Mmax=639
264 384 399 462 475 483 484 486 490 491 494 497 500 501 505 511 512 515 518 524 525 
526 528 529 530 533 534 538 539 540 543 545 546 548 549 551 552 553 554 555 556 558 
559 561 563 564 565 566 567 568 571 572 573 575 576 577 578 580 581 582 583 584 585 
586 587 588 589 590 591 592 593 594 595 596 597 598 599 601 602 603 604 605 606 607 
608 609 610 611 612 613 614 615 616 617 618 619 620 621 622 623 624 625 626 627 628 
629 630 631 632 633 634 635 636 637 639 ...
g=14 for M= 264 and all M>Mmax=639
264 384 399 462 475 483 484 486 490 491 494 497 500 501 505 511 512 515 518 524 525 
526 528 529 530 533 534 538 539 540 543 545 546 548 549 551 552 553 554 555 556 558 
559 561 563 564 565 566 567 568 571 572 573 575 576 577 578 580 581 582 583 584 585 
586 587 588 589 590 591 592 593 594 595 596 597 598 599 601 602 603 604 605 606 607 
608 609 610 611 612 613 614 615 616 617 618 619 620 621 622 623 624 625 626 627 628 
629 630 631 632 633 634 635 636 637 639 ...