 36 14 
 5058 1724 
 0  0  
  0  1  
  0  2  
  0  3  
  1  -10  
  1  -19  
  1  -28  
  2  -13  
  2  -22  
  2  -31  
  3  -16  
  3  -25  
  3  -34  
  4  11  
  4  12  
  5  20  
  5  21  
  6  29  
  6  30  
  7  14  
  7  15  
  8  23  
  8  24  
  9  32  
  9  33  
  10  17  
  10  18  
  11  26  
  11  27  
  12  35  
  12  36  
  13  -4  
  13  -26  
  13  -32  
  14  -7  
  14  -24  
  14  -36  
  15  -5  
  15  -14  
  15  -35  
  16  -9  
  16  -18  
  16  -33  
  17  -6  
  17  -17  
  17  -23  
  18  -8  
  18  -15  
  18  -27  
  19  -5  
  19  -20  
  19  -35  
  20  -8  
  20  -27  
  20  -30  
  21  -6  
  21  -17  
  21  -29  
  22  -7  
  22  -12  
  22  -36  
  23  -4  
  23  -11  
  23  -26  
  24  -9  
  24  -18  
  24  -21  
  25  -6  
  25  -23  
  25  -29  
  26  -9  
  26  -21  
  26  -33  
  27  -4  
  27  -11  
  27  -32  
  28  -8  
  28  -15  
  28  -30  
  29  -5  
  29  -14  
  29  -20  
  30  -7  
  30  -12  
  30  -24  
  31  5  
  31  6  
  32  25  
  32  27  
  33  31  
  33  33  
  34  8  
  34  9  
  35  22  
  35  23  
  36  34  
  36  35  
  37  4  
  37  6  
  38  13  
  38  15  
  39  34  
  39  36  
  40  7  
  40  8  
  41  16  
  41  17  
  42  31  
  42  32  
  43  4  
  43  5  
  44  16  
  44  18  
  45  22  
  45  24  
  46  7  
  46  9  
  47  13  
  47  14  
  48  25  
  48  26  
  49  4  
  49  6  
  50  19  
  50  21  
  51  34  
  51  36  
  52  7  
  52  9  
  53  25  
  53  26  
  54  28  
  54  29  
  55  4  
  55  5  
  56  16  
  56  18  
  57  28  
  57  30  
  58  8  
  58  9  
  59  10  
  59  11  
  60  34  
  60  35  
  61  5  
  61  6  
  62  10  
  62  12  
  63  25  
  63  27  
  64  7  
  64  8  
  65  16  
  65  17  
  66  19  
  66  20  
  67  4  
  67  5  
  68  22  
  68  24  
  69  28  
  69  30  
  70  7  
  70  8  
  71  19  
  71  20  
  72  31  
  72  32  
  73  5  
  73  6  
  74  10  
  74  12  
  75  31  
  75  33  
  76  7  
  76  9  
  77  13  
  77  14  
  78  28  
  78  29  
  79  4  
  79  6  
  80  13  
  80  15  
  81  19  
  81  21  
  82  8  
  82  9  
  83  10  
  83  11  
  84  22  
  84  23  
  85  -14  
  85  -20  
  85  -35  
  86  -17  
  86  -23  
  86  -29  
  87  -3  
  87  -16  
  87  -34  
  88  -8  
  88  -15  
  88  -30  
  89  -2  
  89  -13  
  89  -22  
  90  -9  
  90  -18  
  90  -21  
  91  -15  
  91  -27  
  91  -30  
  92  -18  
  92  -21  
  92  -33  
  93  -2  
  93  -13  
  93  -31  
  94  -6  
  94  -17  
  94  -29  
  95  -3  
  95  -16  
  95  -25  
  96  -5  
  96  -14  
  96  -20  
  97  -11  
  97  -26  
  97  -32  
  98  -17  
  98  -23  
  98  -29  
  99  -2  
  99  -22  
  99  -31  
  100  -8  
  100  -27  
  100  -30  
  101  -3  
  101  -16  
  101  -25  
  102  -7  
  102  -12  
  102  -24  
  103  -12  
  103  -24  
  103  -36  
  104  -15  
  104  -27  
  104  -30  
  105  -3  
  105  -25  
  105  -34  
  106  -6  
  106  -23  
  106  -29  
  107  -2  
  107  -13  
  107  -22  
  108  -4  
  108  -11  
  108  -26  
  109  -11  
  109  -26  
  109  -32  
  110  -14  
  110  -20  
  110  -35  
  111  -3  
  111  -25  
  111  -34  
  112  -9  
  112  -21  
  112  -33  
  113  -2  
  113  -13  
  113  -31  
  114  -7  
  114  -12  
  114  -36  
  115  -12  
  115  -24  
  115  -36  
  116  -18  
  116  -21  
  116  -33  
  117  -2  
  117  -22  
  117  -31  
  118  -5  
  118  -20  
  118  -35  
  119  -3  
  119  -16  
  119  -34  
  120  -4  
  120  -11  
  120  -32  
  121  -11  
  121  -26  
  121  -32  
  122  -17  
  122  -23  
  122  -29  
  123  -1  
  123  -10  
  123  -28  
  124  -9  
  124  -18  
  124  -33  
  125  -3  
  125  -16  
  125  -25  
  126  -7  
  126  -12  
  126  -24  
  127  -12  
  127  -24  
  127  -36  
  128  -18  
  128  -21  
  128  -33  
  129  -3  
  129  -16  
  129  -34  
  130  -4  
  130  -11  
  130  -32  
  131  -1  
  131  -10  
  131  -19  
  132  -6  
  132  -17  
  132  -23  
  133  -11  
  133  -26  
  133  -32  
  134  -14  
  134  -20  
  134  -35  
  135  -3  
  135  -25  
  135  -34  
  136  -9  
  136  -21  
  136  -33  
  137  -1  
  137  -10  
  137  -19  
  138  -8  
  138  -15  
  138  -27  
  139  -15  
  139  -27  
  139  -30  
  140  -18  
  140  -21  
  140  -33  
  141  -1  
  141  -19  
  141  -28  
  142  -4  
  142  -26  
  142  -32  
  143  -3  
  143  -16  
  143  -25  
  144  -5  
  144  -14  
  144  -20  
  145  -14  
  145  -20  
  145  -35  
  146  -17  
  146  -23  
  146  -29  
  147  -1  
  147  -19  
  147  -28  
  148  -7  
  148  -24  
  148  -36  
  149  -3  
  149  -16  
  149  -34  
  150  -8  
  150  -15  
  150  -30  
  151  -12  
  151  -24  
  151  -36  
  152  -15  
  152  -27  
  152  -30  
  153  -3  
  153  -25  
  153  -34  
  154  -6  
  154  -23  
  154  -29  
  155  -1  
  155  -10  
  155  -28  
  156  -5  
  156  -14  
  156  -35  
  157  -11  
  157  -26  
  157  -32  
  158  -14  
  158  -20  
  158  -35  
  159  -2  
  159  -13  
  159  -31  
  160  -7  
  160  -12  
  160  -36  
  161  -1  
  161  -10  
  161  -19  
  162  -8  
  162  -15  
  162  -27  
  163  -12  
  163  -24  
  163  -36  
  164  -15  
  164  -27  
  164  -30  
  165  -1  
  165  -10  
  165  -28  
  166  -5  
  166  -14  
  166  -35  
  167  -2  
  167  -13  
  167  -22  
  168  -4  
  168  -11  
  168  -26  
  169  -14  
  169  -20  
  169  -35  
  170  -17  
  170  -23  
  170  -29  
  171  -1  
  171  -19  
  171  -28  
  172  -7  
  172  -24  
  172  -36  
  173  -2  
  173  -13  
  173  -22  
  174  -9  
  174  -18  
  174  -21  
  175  -12  
  175  -24  
  175  -36  
  176  -18  
  176  -21  
  176  -33  
  177  -2  
  177  -22  
  177  -31  
  178  -5  
  178  -20  
  178  -35  
  179  -1  
  179  -10  
  179  -19  
  180  -6  
  180  -17  
  180  -23  
  181  -11  
  181  -26  
  181  -32  
  182  -17  
  182  -23  
  182  -29  
  183  -2  
  183  -22  
  183  -31  
  184  -8  
  184  -27  
  184  -30  
  185  -1  
  185  -10  
  185  -28  
  186  -9  
  186  -18  
  186  -33  
  187  -15  
  187  -27  
  187  -30  
  188  -18  
  188  -21  
  188  -33  
  189  -1  
  189  -19  
  189  -28  
  190  -4  
  190  -26  
  190  -32  
  191  -2  
  191  -13  
  191  -31  
  192  -6  
  192  -17  
  192  -29  
  517  0  
  517  4  
  517  5  
  517  6  
  518  -11  
  518  -26  
  518  -32  
  519  -14  
  519  -20  
  519  -35  
  520  -17  
  520  -23  
  520  -29  
  521  10  
  521  12  
  522  25  
  522  27  
  523  31  
  523  33  
  524  13  
  524  15  
  525  19  
  525  21  
  526  34  
  526  36  
  527  16  
  527  18  
  528  22  
  528  24  
  529  28  
  529  30  
  530  -19  
  530  -28  
  531  -7  
  531  -24  
  531  -36  
  532  -16  
  532  -34  
  533  -8  
  533  -15  
  533  -30  
  534  -13  
  534  -22  
  535  -9  
  535  -18  
  535  -21  
  536  -22  
  536  -31  
  537  -8  
  537  -27  
  537  -30  
  538  -10  
  538  -28  
  539  -9  
  539  -18  
  539  -33  
  540  -16  
  540  -25  
  541  -7  
  541  -12  
  541  -24  
  542  -25  
  542  -34  
  543  -9  
  543  -21  
  543  -33  
  544  -13  
  544  -31  
  545  -7  
  545  -12  
  545  -36  
  546  -10  
  546  -19  
  547  -8  
  547  -15  
  547  -27  
  548  20  
  548  21  
  549  29  
  549  30  
  550  8  
  550  9  
  551  22  
  551  23  
  552  34  
  552  35  
  553  17  
  553  18  
  554  35  
  554  36  
  555  7  
  555  9  
  556  13  
  556  14  
  557  28  
  557  29  
  558  14  
  558  15  
  559  23  
  559  24  
  560  7  
  560  8  
  561  16  
  561  17  
  562  19  
  562  20  
  563  23  
  563  24  
  564  32  
  564  33  
  565  7  
  565  9  
  566  25  
  566  26  
  567  28  
  567  29  
  568  11  
  568  12  
  569  29  
  569  30  
  570  7  
  570  8  
  571  16  
  571  17  
  572  31  
  572  32  
  573  17  
  573  18  
  574  26  
  574  27  
  575  8  
  575  9  
  576  10  
  576  11  
  577  22  
  577  23  
  578  26  
  578  27  
  579  35  
  579  36  
  580  7  
  580  8  
  581  19  
  581  20  
  582  31  
  582  32  
  583  14  
  583  15  
  584  32  
  584  33  
  585  8  
  585  9  
  586  10  
  586  11  
  587  34  
  587  35  
  588  11  
  588  12  
  589  20  
  589  21  
  590  7  
  590  9  
  591  13  
  591  14  
  592  25  
  592  26  
  593  -5  
  593  -14  
  593  -35  
  594  -9  
  594  -18  
  594  -33  
  595  -6  
  595  -17  
  595  -23  
  596  -8  
  596  -15  
  596  -27  
  597  -15  
  597  -27  
  597  -30  
  598  -18  
  598  -21  
  598  -33  
  599  -13  
  599  -31  
  600  -6  
  600  -17  
  600  -29  
  601  -16  
  601  -25  
  602  -5  
  602  -14  
  602  -20  
  603  -6  
  603  -23  
  603  -29  
  604  -9  
  604  -21  
  604  -33  
  605  -5  
  605  -14  
  605  -20  
  606  -7  
  606  -12  
  606  -24  
  607  -12  
  607  -24  
  607  -36  
  608  -18  
  608  -21  
  608  -33  
  609  -22  
  609  -31  
  610  -5  
  610  -20  
  610  -35  
  611  -10  
  611  -19  
  612  -6  
  612  -17  
  612  -23  
  613  -5  
  613  -20  
  613  -35  
  614  -8  
  614  -27  
  614  -30  
  615  -6  
  615  -17  
  615  -29  
  616  -7  
  616  -12  
  616  -36  
  617  -12  
  617  -24  
  617  -36  
  618  -15  
  618  -27  
  618  -30  
  619  -25  
  619  -34  
  620  -6  
  620  -23  
  620  -29  
  621  -10  
  621  -28  
  622  -5  
  622  -14  
  622  -35  
  623  -6  
  623  -17  
  623  -29  
  624  -7  
  624  -12  
  624  -36  
  625  -4  
  625  -11  
  625  -26  
  626  -9  
  626  -18  
  626  -21  
  627  -12  
  627  -24  
  627  -36  
  628  -18  
  628  -21  
  628  -33  
  629  -16  
  629  -34  
  630  -4  
  630  -11  
  630  -32  
  631  -10  
  631  -19  
  632  -6  
  632  -17  
  632  -23  
  633  -4  
  633  -26  
  633  -32  
  634  -7  
  634  -24  
  634  -36  
  635  -6  
  635  -17  
  635  -23  
  636  -8  
  636  -15  
  636  -27  
  637  -12  
  637  -24  
  637  -36  
  638  -15  
  638  -27  
  638  -30  
  639  -25  
  639  -34  
  640  -6  
  640  -23  
  640  -29  
  641  -13  
  641  -22  
  642  -4  
  642  -11  
  642  -26  
  643  -6  
  643  -23  
  643  -29  
  644  -9  
  644  -21  
  644  -33  
  645  -4  
  645  -11  
  645  -32  
  646  -8  
  646  -15  
  646  -30  
  647  -15  
  647  -27  
  647  -30  
  648  -18  
  648  -21  
  648  -33  
  649  -19  
  649  -28  
  650  -4  
  650  -26  
  650  -32  
  651  -13  
  651  -31  
  652  -6  
  652  -17  
  652  -29  
  653  -4  
  653  -11  
  653  -32  
  654  -8  
  654  -15  
  654  -30  
  655  -5  
  655  -14  
  655  -20  
  656  -7  
  656  -12  
  656  -24  
  657  -12  
  657  -24  
  657  -36  
  658  -15  
  658  -27  
  658  -30  
  659  -10  
  659  -28  
  660  -5  
  660  -14  
  660  -35  
  661  -13  
  661  -22  
  662  -4  
  662  -11  
  662  -26  
  663  -5  
  663  -20  
  663  -35  
  664  -8  
  664  -27  
  664  -30  
  665  -4  
  665  -11  
  665  -26  
  666  -9  
  666  -18  
  666  -21  
  667  -15  
  667  -27  
  667  -30  
  668  -18  
  668  -21  
  668  -33  
  669  -19  
  669  -28  
  670  -4  
  670  -26  
  670  -32  
  671  -16  
  671  -25  
  672  -5  
  672  -14  
  672  -20  
  673  -4  
  673  -26  
  673  -32  
  674  -7  
  674  -24  
  674  -36  
  675  -5  
  675  -14  
  675  -35  
  676  -9  
  676  -18  
  676  -33  
  677  -12  
  677  -24  
  677  -36  
  678  -18  
  678  -21  
  678  -33  
  679  -22  
  679  -31  
  680  -5  
  680  -20  
  680  -35  
  681  -16  
  681  -34  
  682  -4  
  682  -11  
  682  -32  
  1444  0  
  935  7  
  935  8  
  935  9  
  936  -12  
  936  -24  
  936  -36  
  937  -15  
  937  -27  
  937  -30  
  938  -18  
  938  -21  
  938  -33  
  939  10  
  939  11  
  940  22  
  940  23  
  941  34  
  941  35  
  942  13  
  942  14  
  943  25  
  943  26  
  944  28  
  944  29  
  945  16  
  945  17  
  946  19  
  946  20  
  947  31  
  947  32  
  948  -19  
  948  -28  
  949  -26  
  949  -32  
  950  -13  
  950  -31  
  951  -17  
  951  -29  
  952  -16  
  952  -25  
  953  -14  
  953  -20  
  954  -22  
  954  -31  
  955  -20  
  955  -35  
  956  -16  
  956  -34  
  957  -11  
  957  -32  
  958  -10  
  958  -19  
  959  -17  
  959  -23  
  960  -25  
  960  -34  
  961  -23  
  961  -29  
  962  -10  
  962  -28  
  963  -14  
  963  -35  
  964  -13  
  964  -22  
  965  -11  
  965  -26  
  966  20  
  966  21  
  967  29  
  967  30  
  968  25  
  968  27  
  969  31  
  969  33  
  970  14  
  970  15  
  971  32  
  971  33  
  972  16  
  972  18  
  973  28  
  973  30  
  974  17  
  974  18  
  975  26  
  975  27  
  976  13  
  976  15  
  977  19  
  977  21  
  978  23  
  978  24  
  979  32  
  979  33  
  980  19  
  980  21  
  981  34  
  981  36  
  982  17  
  982  18  
  983  35  
  983  36  
  984  10  
  984  12  
  985  31  
  985  33  
  986  11  
  986  12  
  987  20  
  987  21  
  988  16  
  988  18  
  989  22  
  989  24  
  990  26  
  990  27  
  991  35  
  991  36  
  992  22  
  992  24  
  993  28  
  993  30  
  994  11  
  994  12  
  995  29  
  995  30  
  996  13  
  996  15  
  997  34  
  997  36  
  998  14  
  998  15  
  999  23  
  999  24  
  1000  10  
  1000  12  
  1001  25  
  1001  27  
  1002  -14  
  1002  -35  
  1003  -9  
  1003  -18  
  1003  -33  
  1004  -17  
  1004  -23  
  1005  -8  
  1005  -15  
  1005  -27  
  1006  -16  
  1006  -34  
  1007  -8  
  1007  -15  
  1007  -30  
  1008  -13  
  1008  -22  
  1009  -9  
  1009  -18  
  1009  -21  
  1010  -20  
  1010  -35  
  1011  -8  
  1011  -27  
  1011  -30  
  1012  -11  
  1012  -26  
  1013  -9  
  1013  -18  
  1013  -21  
  1014  -25  
  1014  -34  
  1015  -9  
  1015  -21  
  1015  -33  
  1016  -10  
  1016  -19  
  1017  -8  
  1017  -15  
  1017  -27  
  1018  -23  
  1018  -29  
  1019  -9  
  1019  -21  
  1019  -33  
  1020  -11  
  1020  -32  
  1021  -8  
  1021  -15  
  1021  -30  
  1022  -22  
  1022  -31  
  1023  -8  
  1023  -27  
  1023  -30  
  1024  -10  
  1024  -28  
  1025  -9  
  1025  -18  
  1025  -33  
  1026  -17  
  1026  -29  
  1027  -7  
  1027  -12  
  1027  -36  
  1028  -11  
  1028  -26  
  1029  -9  
  1029  -18  
  1029  -21  
  1030  -10  
  1030  -28  
  1031  -9  
  1031  -18  
  1031  -33  
  1032  -16  
  1032  -25  
  1033  -7  
  1033  -12  
  1033  -24  
  1034  -23  
  1034  -29  
  1035  -9  
  1035  -21  
  1035  -33  
  1036  -14  
  1036  -20  
  1037  -7  
  1037  -12  
  1037  -24  
  1038  -19  
  1038  -28  
  1039  -7  
  1039  -24  
  1039  -36  
  1040  -13  
  1040  -22  
  1041  -9  
  1041  -18  
  1041  -21  
  1042  -26  
  1042  -32  
  1043  -7  
  1043  -24  
  1043  -36  
  1044  -14  
  1044  -35  
  1045  -9  
  1045  -18  
  1045  -33  
  1046  -25  
  1046  -34  
  1047  -9  
  1047  -21  
  1047  -33  
  1048  -13  
  1048  -31  
  1049  -7  
  1049  -12  
  1049  -36  
  1050  -11  
  1050  -32  
  1051  -8  
  1051  -15  
  1051  -30  
  1052  -14  
  1052  -20  
  1053  -7  
  1053  -12  
  1053  -24  
  1054  -13  
  1054  -31  
  1055  -7  
  1055  -12  
  1055  -36  
  1056  -10  
  1056  -19  
  1057  -8  
  1057  -15  
  1057  -27  
  1058  -26  
  1058  -32  
  1059  -7  
  1059  -24  
  1059  -36  
  1060  -17  
  1060  -23  
  1061  -8  
  1061  -15  
  1061  -27  
  1062  -22  
  1062  -31  
  1063  -8  
  1063  -27  
  1063  -30  
  1064  -16  
  1064  -25  
  1065  -7  
  1065  -12  
  1065  -24  
  1066  -20  
  1066  -35  
  1067  -8  
  1067  -27  
  1067  -30  
  1068  -17  
  1068  -29  
  1069  -7  
  1069  -12  
  1069  -36  
  1070  -19  
  1070  -28  
  1071  -7  
  1071  -24  
  1071  -36  
  1072  -16  
  1072  -34  
  1073  -8  
  1073  -15  
  1073  -30  
  1  0  
  1254  10  
  1254  11  
  1254  12  
  1255  -19  
  1255  -28  
  1256  -26  
  1256  -32  
  1257  -24  
  1257  -36  
  1258  20  
  1258  21  
  1259  29  
  1259  30  
  1260  25  
  1260  27  
  1261  31  
  1261  33  
  1262  22  
  1262  23  
  1263  34  
  1263  35  
  1264  -14  
  1264  -35  
  1265  -18  
  1265  -33  
  1266  -17  
  1266  -23  
  1267  -15  
  1267  -27  
  1268  -16  
  1268  -34  
  1269  -15  
  1269  -30  
  1270  -13  
  1270  -22  
  1271  -18  
  1271  -21  
  1272  -13  
  1272  -31  
  1273  -17  
  1273  -29  
  1274  -16  
  1274  -25  
  1275  -14  
  1275  -20  
  1276  13  
  1276  15  
  1277  34  
  1277  36  
  1278  16  
  1278  17  
  1279  31  
  1279  32  
  1280  16  
  1280  18  
  1281  22  
  1281  24  
  1282  13  
  1282  14  
  1283  25  
  1283  26  
  1284  17  
  1284  18  
  1285  35  
  1285  36  
  1286  13  
  1286  14  
  1287  28  
  1287  29  
  1288  14  
  1288  15  
  1289  23  
  1289  24  
  1290  16  
  1290  17  
  1291  19  
  1291  20  
  1292  14  
  1292  15  
  1293  32  
  1293  33  
  1294  16  
  1294  18  
  1295  28  
  1295  30  
  1296  17  
  1296  18  
  1297  26  
  1297  27  
  1298  13  
  1298  15  
  1299  19  
  1299  21  
  1300  -22  
  1300  -31  
  1301  -27  
  1301  -30  
  1302  -16  
  1302  -25  
  1303  -12  
  1303  -24  
  1304  -25  
  1304  -34  
  1305  -23  
  1305  -29  
  1306  -13  
  1306  -22  
  1307  -11  
  1307  -26  
  1308  -25  
  1308  -34  
  1309  -21  
  1309  -33  
  1310  -13  
  1310  -31  
  1311  -12  
  1311  -36  
  1312  -22  
  1312  -31  
  1313  -20  
  1313  -35  
  1314  -16  
  1314  -34  
  1315  -11  
  1315  -32  
  1316  -23  
  1316  -29  
  1317  -21  
  1317  -33  
  1318  -14  
  1318  -20  
  1319  -12  
  1319  -24  
  1320  -22  
  1320  -31  
  1321  -20  
  1321  -35  
  1322  -10  
  1322  -19  
  1323  -17  
  1323  -23  
  1324  -20  
  1324  -35  
  1325  -27  
  1325  -30  
  1326  -17  
  1326  -29  
  1327  -12  
  1327  -36  
  1328  -25  
  1328  -34  
  1329  -23  
  1329  -29  
  1330  -10  
  1330  -28  
  1331  -14  
  1331  -35  
  1332  -20  
  1332  -35  
  1333  -27  
  1333  -30  
  1334  -11  
  1334  -26  
  1335  -18  
  1335  -21  
  1336  -25  
  1336  -34  
  1337  -21  
  1337  -33  
  1338  -10  
  1338  -19  
  1339  -15  
  1339  -27  
  1340  -23  
  1340  -29  
  1341  -21  
  1341  -33  
  1342  -11  
  1342  -32  
  1343  -15  
  1343  -30  
  1344  -22  
  1344  -31  
  1345  -27  
  1345  -30  
  1346  -10  
  1346  -28  
  1347  -18  
  1347  -33  
  1437  33  
  1  0  
  1445  13  
  1445  14  
  1445  15  
  1446  -22  
  1446  -31  
  1447  -20  
  1447  -35  
  1448  -27  
  1448  -30  
  1449  23  
  1449  24  
  1450  32  
  1450  33  
  1451  19  
  1451  21  
  1452  34  
  1452  36  
  1453  25  
  1453  26  
  1454  28  
  1454  29  
  1455  -17  
  1455  -29  
  1456  -36  
  1457  -26  
  1458  -18  
  1458  -21  
  1459  -28  
  1460  -18  
  1460  -33  
  1461  -16  
  1461  -25  
  1462  -24  
  1463  -16  
  1463  -34  
  1464  -32  
  1465  -19  
  1466  -17  
  1466  -23  
  1467  16  
  1467  18  
  1468  28  
  1468  30  
  1469  34  
  1469  35  
  1470  25  
  1470  27  
  1471  16  
  1471  17  
  1472  19  
  1472  20  
  1473  29  
  1473  30  
  1474  16  
  1474  17  
  1475  31  
  1475  32  
  1476  17  
  1476  18  
  1477  26  
  1477  27  
  1478  22  
  1478  23  
  1479  17  
  1479  18  
  1480  35  
  1480  36  
  1481  31  
  1481  33  
  1482  20  
  1482  21  
  1483  16  
  1483  18  
  1484  22  
  1484  24  
  1485  -25  
  1485  -34  
  1486  -21  
  1486  -33  
  1487  -19  
  1488  -15  
  1488  -27  
  1489  -16  
  1489  -25  
  1490  -14  
  1490  -20  
  1491  -16  
  1491  -34  
  1492  -15  
  1492  -30  
  1493  -25  
  1493  -34  
  1494  -23  
  1494  -29  
  1495  -28  
  1496  -14  
  1496  -35  
  1497  -17  
  1497  -23  
  1498  -15  
  1498  -27  
  1499  -25  
  1499  -34  
  1500  -23  
  1500  -29  
  1501  -13  
  1501  -22  
  1502  -26  
  1503  -23  
  1503  -29  
  1504  -21  
  1504  -33  
  1505  -32  
  1506  -15  
  1506  -30  
  1507  -13  
  1507  -31  
  1508  -17  
  1508  -29  
  1509  -23  
  1509  -29  
  1510  -21  
  1510  -33  
  1511  -14  
  1511  -20  
  1512  -24  
  1513  -13  
  1513  -22  
  1514  -18  
  1514  -21  
  1515  -14  
  1515  -35  
  1516  -18  
  1516  -33  
  1517  -25  
  1517  -34  
  1518  -21  
  1518  -33  
  1519  -13  
  1519  -31  
  1520  -36  
  1  0  
  1587  16  
  1587  17  
  1587  18  
  1588  -25  
  1588  -34  
  1589  -23  
  1589  -29  
  1590  -21  
  1590  -33  
  1591  26  
  1591  27  
  1592  35  
  1592  36  
  1593  22  
  1593  24  
  1594  28  
  1594  30  
  1595  19  
  1595  20  
  1596  31  
  1596  32  
  1597  -32  
  1598  -30  
  1599  -20  
  1600  -24  
  1601  -31  
  1602  -36  
  1603  -19  
  1604  -27  
  1605  -28  
  1606  -35  
  1607  -22  
  1608  -26  
  1609  31  
  1609  33  
  1610  28  
  1610  29  
  1611  19  
  1611  21  
  1612  22  
  1612  23  
  1613  32  
  1613  33  
  1614  34  
  1614  35  
  1615  20  
  1615  21  
  1616  25  
  1616  26  
  1617  29  
  1617  30  
  1618  34  
  1618  36  
  1619  23  
  1619  24  
  1620  25  
  1620  27  
  1621  -22  
  1622  -18  
  1622  -21  
  1623  -19  
  1624  -17  
  1624  -23  
  1625  -28  
  1626  -18  
  1626  -33  
  1627  -31  
  1628  -17  
  1628  -29  
  1629  -26  
  1630  -18  
  1630  -21  
  1631  -16  
  1631  -25  
  1632  -20  
  1633  -35  
  1634  -18  
  1634  -33  
  1635  -16  
  1635  -34  
  1636  -32  
  1637  -17  
  1637  -23  
  1638  -27  
  1639  -16  
  1639  -25  
  1640  -24  
  1641  -17  
  1641  -29  
  1642  -36  
  1643  -16  
  1643  -34  
  1644  -30  
  1  0  
  1681  19  
  1681  20  
  1681  21  
  1682  -28  
  1683  -35  
  1684  -33  
  1685  29  
  1685  30  
  1686  34  
  1686  36  
  1687  31  
  1687  32  
  1688  -23  
  1689  -27  
  1690  -25  
  1691  -24  
  1692  -22  
  1693  -26  
  1694  22  
  1694  24  
  1695  25  
  1695  26  
  1696  26  
  1696  27  
  1697  22  
  1697  23  
  1698  23  
  1698  24  
  1699  25  
  1699  27  
  1700  -31  
  1701  -36  
  1702  -34  
  1703  -32  
  1704  -32  
  1705  -30  
  1706  -31  
  1707  -29  
  1708  -29  
  1709  -36  
  1710  -34  
  1711  -30  
  19  15  
  20  18  
  21  17  
  22  14  
  23  13  
  24  16  
  25  17  
  25  21  
  26  16  
  26  24  
  27  13  
  27  23  
  28  18  
  28  20  
  29  15  
  29  19  
  30  14  
  30  22  
  37  31  
  39  36  
  40  34  
  42  33  
  43  31  
  43  37  
  44  41  
  45  35  
  46  34  
  46  40  
  47  38  
  48  32  
  49  31  
  49  43  
  51  36  
  52  34  
  52  40  
  53  32  
  55  31  
  55  37  
  55  49  
  56  41  
  57  54  
  58  40  
  58  46  
  58  52  
  60  39  
  60  51  
  61  37  
  61  43  
  61  49  
  61  55  
  62  59  
  63  48  
  63  53  
  64  34  
  64  46  
  64  52  
  64  58  
  65  44  
  65  56  
  66  50  
  67  31  
  67  37  
  67  49  
  67  61  
  68  35  
  69  54  
  70  34  
  70  46  
  70  52  
  70  58  
  71  50  
  72  33  
  73  37  
  73  43  
  73  49  
  73  55  
  73  67  
  74  59  
  75  42  
  75  72  
  76  34  
  76  40  
  76  58  
  76  64  
  76  70  
  77  38  
  78  57  
  78  69  
  79  31  
  79  43  
  79  55  
  79  61  
  79  67  
  79  73  
  80  47  
  80  77  
  81  66  
  81  71  
  82  40  
  82  46  
  82  52  
  82  64  
  82  70  
  82  76  
  83  62  
  83  74  
  84  45  
  84  68  
  91  88  
  92  90  
  94  86  
  96  85  
  98  94  
  99  89  
  99  93  
  100  88  
  100  91  
  101  87  
  103  102  
  104  88  
  104  100  
  105  87  
  105  95  
  106  86  
  106  94  
  106  98  
  107  93  
  108  97  
  109  108  
  110  96  
  111  87  
  111  95  
  111  101  
  112  90  
  112  92  
  113  89  
  113  99  
  113  107  
  114  102  
  114  103  
  115  102  
  115  114  
  116  90  
  116  112  
  117  89  
  117  93  
  117  107  
  118  85  
  118  96  
  118  110  
  119  95  
  119  101  
  119  105  
  120  97  
  120  108  
  120  109  
  121  108  
  121  120  
  122  94  
  122  106  
  124  90  
  124  92  
  124  112  
  124  116  
  125  87  
  125  105  
  125  111  
  125  119  
  126  103  
  126  114  
  126  115  
  127  102  
  127  114  
  127  126  
  128  90  
  128  112  
  129  95  
  129  101  
  129  105  
  129  111  
  130  97  
  130  108  
  130  109  
  130  121  
  132  86  
  132  94  
  132  98  
  132  106  
  133  108  
  133  120  
  133  130  
  134  96  
  134  118  
  135  87  
  135  95  
  135  101  
  135  119  
  135  125  
  135  129  
  136  90  
  136  92  
  136  116  
  136  124  
  136  128  
  138  88  
  138  91  
  138  100  
  138  104  
  139  88  
  139  100  
  140  90  
  140  112  
  140  124  
  140  136  
  142  97  
  142  108  
  142  109  
  142  120  
  142  121  
  142  130  
  143  87  
  143  105  
  143  111  
  143  119  
  143  129  
  144  85  
  144  110  
  144  118  
  144  134  
  145  96  
  145  118  
  145  144  
  146  94  
  146  106  
  146  132  
  148  102  
  148  103  
  148  114  
  148  115  
  148  126  
  148  127  
  149  95  
  149  101  
  149  105  
  149  111  
  149  125  
  149  135  
  149  143  
  150  91  
  150  100  
  150  104  
  150  138  
  150  139  
  151  102  
  151  114  
  151  126  
  152  88  
  152  100  
  152  138  
  152  150  
  153  87  
  153  95  
  153  101  
  153  119  
  153  125  
  153  129  
  153  143  
  154  86  
  154  94  
  154  98  
  154  122  
  154  132  
  154  146  
  156  85  
  156  96  
  156  110  
  156  118  
  156  134  
  156  144  
  157  108  
  157  120  
  157  130  
  157  142  
  158  96  
  158  118  
  158  144  
  158  156  
  159  89  
  159  99  
  159  107  
  159  117  
  160  102  
  160  103  
  160  115  
  160  126  
  160  127  
  160  148  
  160  151  
  161  123  
  161  141  
  161  147  
  161  155  
  162  88  
  162  91  
  162  100  
  162  104  
  162  139  
  162  150  
  162  152  
  163  102  
  163  114  
  163  126  
  163  148  
  164  88  
  164  100  
  164  138  
  164  150  
  165  131  
  165  137  
  165  141  
  165  147  
  166  85  
  166  96  
  166  110  
  166  118  
  166  134  
  166  144  
  166  145  
  167  93  
  167  99  
  167  113  
  167  117  
  168  97  
  168  109  
  168  120  
  168  121  
  168  130  
  168  133  
  168  142  
  169  96  
  169  118  
  169  144  
  169  156  
  169  166  
  170  94  
  170  106  
  170  132  
  170  154  
  171  123  
  171  131  
  171  137  
  171  155  
  172  102  
  172  103  
  172  114  
  172  115  
  172  126  
  172  127  
  172  151  
  172  160  
  172  163  
  173  93  
  173  99  
  173  113  
  173  117  
  174  92  
  174  112  
  174  116  
  174  124  
  174  128  
  174  136  
  174  140  
  175  102  
  175  114  
  175  126  
  175  148  
  175  160  
  176  90  
  176  112  
  176  124  
  176  136  
  177  89  
  177  93  
  177  107  
  177  113  
  178  85  
  178  96  
  178  110  
  178  134  
  178  144  
  178  145  
  178  156  
  178  158  
  178  166  
  179  123  
  179  141  
  179  147  
  179  155  
  180  86  
  180  94  
  180  98  
  180  106  
  180  122  
  180  146  
  180  154  
  181  108  
  181  120  
  181  130  
  181  142  
  181  168  
  182  94  
  182  106  
  182  132  
  182  154  
  182  180  
  183  89  
  183  93  
  183  107  
  183  113  
  184  88  
  184  91  
  184  104  
  184  138  
  184  139  
  184  150  
  184  152  
  184  162  
  184  164  
  185  131  
  185  137  
  185  141  
  185  147  
  186  90  
  186  92  
  186  112  
  186  116  
  186  128  
  186  136  
  186  140  
  186  174  
  186  176  
  187  88  
  187  100  
  187  138  
  187  150  
  187  162  
  188  90  
  188  112  
  188  124  
  188  136  
  188  174  
  189  123  
  189  131  
  189  137  
  189  155  
  190  97  
  190  108  
  190  109  
  190  120  
  190  121  
  190  130  
  190  133  
  190  157  
  190  168  
  191  89  
  191  99  
  191  107  
  191  117  
  192  86  
  192  98  
  192  106  
  192  122  
  192  132  
  192  146  
  192  154  
  192  170  
  192  180  
  211  193  
  213  198  
  214  196  
  215  194  
  221  209  
  222  204  
  227  203  
  228  210  
  230  212  
  230  225  
  231  216  
  231  219  
  232  200  
  232  209  
  232  214  
  232  224  
  233  207  
  234  204  
  234  213  
  236  197  
  237  216  
  238  208  
  239  225  
  240  198  
  240  222  
  242  196  
  242  209  
  242  214  
  242  221  
  243  212  
  244  202  
  244  208  
  246  197  
  246  207  
  248  197  
  248  207  
  248  233  
  249  195  
  249  201  
  250  193  
  250  206  
  250  218  
  250  227  
  251  225  
  251  230  
  252  198  
  252  222  
  252  234  
  254  212  
  255  195  
  256  226  
  257  207  
  257  246  
  258  204  
  258  213  
  258  240  
  260  193  
  260  203  
  260  211  
  260  227  
  261  197  
  262  220  
  262  226  
  264  212  
  264  225  
  264  239  
  265  245  
  265  247  
  266  212  
  266  225  
  266  239  
  266  243  
  266  251  
  266  254  
  267  216  
  267  219  
  267  237  
  268  203  
  268  206  
  268  211  
  268  218  
  268  250  
  268  260  
  269  210  
  269  215  
  270  201  
  270  249  
  270  255  
  272  212  
  272  230  
  272  239  
  272  251  
  272  264  
  273  195  
  273  249  
  274  202  
  274  238  
  274  244  
  275  194  
  275  228  
  276  219  
  276  231  
  276  237  
  278  193  
  278  203  
  278  211  
  278  227  
  278  250  
  279  216  
  279  231  
  280  202  
  280  208  
  280  238  
  281  229  
  281  263  
  282  195  
  282  201  
  282  255  
  283  229  
  283  263  
  284  197  
  284  207  
  284  233  
  284  236  
  284  257  
  284  261  
  285  195  
  285  201  
  285  255  
  285  270  
  286  196  
  286  200  
  286  221  
  286  224  
  286  232  
  286  242  
  287  194  
  287  228  
  288  219  
  288  231  
  288  237  
  288  267  
  290  197  
  290  233  
  290  246  
  290  248  
  290  257  
  291  216  
  291  231  
  292  220  
  292  256  
  292  262  
  293  210  
  293  215  
  294  201  
  294  249  
  294  255  
  294  282  
  296  196  
  296  209  
  296  214  
  296  221  
  296  232  
  297  195  
  297  249  
  298  220  
  298  226  
  298  256  
  299  245  
  299  247  
  300  216  
  300  219  
  300  237  
  300  276  
  301  245  
  301  247  
  301  281  
  301  283  
  302  212  
  302  225  
  302  239  
  302  243  
  302  251  
  302  254  
  302  272  
  303  216  
  303  219  
  303  237  
  303  276  
  303  279  
  303  288  
  303  291  
  304  200  
  304  209  
  304  214  
  304  224  
  304  242  
  304  286  
  304  296  
  305  207  
  305  236  
  305  246  
  305  248  
  305  261  
  305  284  
  305  290  
  306  204  
  306  213  
  306  240  
  306  252  
  307  199  
  307  205  
  307  217  
  307  223  
  307  235  
  307  241  
  307  253  
  307  259  
  307  271  
  307  277  
  307  289  
  307  295  
  308  229  
  308  245  
  308  247  
  308  263  
  308  265  
  308  281  
  308  283  
  308  299  
  309  198  
  309  204  
  309  213  
  309  222  
  309  234  
  309  240  
  309  252  
  309  258  
  310  202  
  310  238  
  310  244  
  310  280  
  311  196  
  311  200  
  311  221  
  311  224  
  311  232  
  311  242  
  311  296  
  312  219  
  312  231  
  312  237  
  312  267  
  312  279  
  312  291  
  312  300  
  313  205  
  313  217  
  313  235  
  313  259  
  313  277  
  313  289  
  314  196  
  314  209  
  314  214  
  314  221  
  314  232  
  314  286  
  315  212  
  315  230  
  315  239  
  315  251  
  315  264  
  315  266  
  316  202  
  316  208  
  316  238  
  316  274  
  317  229  
  317  263  
  317  265  
  317  299  
  318  197  
  318  207  
  318  233  
  318  236  
  318  257  
  318  261  
  318  290  
  319  229  
  319  263  
  319  265  
  319  299  
  320  197  
  320  207  
  320  233  
  320  236  
  320  257  
  320  261  
  320  290  
  320  305  
  321  195  
  321  201  
  321  255  
  321  270  
  321  273  
  321  294  
  321  297  
  322  196  
  322  200  
  322  221  
  322  224  
  322  232  
  322  242  
  322  296  
  322  304  
  323  194  
  323  228  
  323  269  
  323  293  
  324  219  
  324  231  
  324  237  
  324  267  
  324  279  
  324  291  
  324  300  
  324  303  
  325  205  
  325  217  
  325  235  
  325  259  
  325  277  
  325  289  
  326  196  
  326  209  
  326  214  
  326  221  
  326  232  
  326  286  
  327  195  
  327  249  
  327  270  
  327  282  
  327  285  
  327  294  
  328  220  
  328  226  
  328  256  
  328  292  
  329  245  
  329  247  
  329  281  
  329  283  
  330  216  
  330  219  
  330  237  
  330  276  
  330  279  
  330  288  
  330  291  
  331  199  
  331  205  
  331  217  
  331  223  
  331  241  
  331  253  
  331  259  
  331  271  
  331  277  
  331  289  
  331  295  
  332  229  
  332  245  
  332  247  
  332  263  
  332  265  
  332  281  
  332  283  
  332  299  
  333  194  
  333  210  
  333  215  
  333  228  
  333  269  
  333  275  
  333  287  
  333  293  
  334  226  
  334  262  
  334  292  
  334  298  
  335  200  
  335  209  
  335  214  
  335  224  
  335  242  
  335  286  
  335  296  
  336  207  
  336  236  
  336  246  
  336  248  
  336  261  
  336  284  
  336  290  
  337  245  
  337  247  
  337  281  
  337  283  
  337  317  
  337  319  
  338  212  
  338  225  
  338  239  
  338  243  
  338  251  
  338  254  
  338  272  
  338  315  
  339  216  
  339  219  
  339  237  
  339  276  
  339  279  
  339  288  
  339  291  
  339  312  
  339  324  
  340  203  
  340  206  
  340  211  
  340  218  
  340  250  
  340  260  
  340  278  
  341  210  
  341  215  
  341  275  
  341  287  
  341  323  
  342  201  
  342  249  
  342  255  
  342  273  
  342  282  
  342  285  
  342  297  
  342  321  
  342  327  
  343  205  
  343  217  
  343  235  
  343  259  
  343  277  
  343  289  
  344  212  
  344  230  
  344  239  
  344  251  
  344  264  
  344  266  
  344  302  
  345  195  
  345  249  
  345  270  
  345  282  
  345  285  
  345  294  
  345  321  
  346  202  
  346  238  
  346  244  
  346  280  
  346  316  
  347  194  
  347  228  
  347  269  
  347  293  
  348  219  
  348  231  
  348  237  
  348  267  
  348  279  
  348  291  
  348  300  
  348  303  
  348  330  
  349  199  
  349  205  
  349  217  
  349  223  
  349  241  
  349  253  
  349  259  
  349  271  
  349  277  
  349  295  
  350  229  
  350  245  
  350  247  
  350  263  
  350  265  
  350  281  
  350  283  
  350  299  
  351  194  
  351  210  
  351  215  
  351  228  
  351  269  
  351  275  
  351  287  
  351  293  
  352  208  
  352  244  
  352  274  
  352  280  
  352  310  
  352  316  
  353  193  
  353  206  
  353  218  
  353  227  
  353  260  
  353  268  
  353  278  
  354  225  
  354  230  
  354  243  
  354  254  
  354  264  
  354  266  
  354  272  
  354  302  
  354  315  
  355  193  
  355  206  
  355  218  
  355  227  
  355  260  
  355  268  
  355  278  
  356  225  
  356  230  
  356  243  
  356  254  
  356  264  
  356  266  
  356  272  
  356  302  
  356  315  
  356  338  
  357  198  
  357  222  
  357  234  
  357  258  
  357  306  
  358  196  
  358  200  
  358  221  
  358  224  
  358  232  
  358  242  
  358  296  
  358  304  
  358  314  
  358  326  
  358  335  
  359  194  
  359  228  
  359  269  
  359  293  
  360  219  
  360  231  
  360  237  
  360  267  
  360  279  
  360  291  
  360  300  
  360  303  
  360  330  
  360  339  
  361  199  
  361  205  
  361  217  
  361  223  
  361  241  
  361  253  
  361  259  
  361  271  
  361  295  
  362  194  
  362  210  
  362  215  
  362  228  
  362  269  
  362  275  
  362  287  
  362  293  
  363  198  
  363  204  
  363  213  
  363  222  
  363  234  
  363  240  
  363  252  
  363  258  
  364  220  
  364  226  
  364  256  
  364  292  
  364  334  
  365  212  
  365  225  
  365  239  
  365  243  
  365  251  
  365  254  
  365  272  
  365  315  
  366  216  
  366  219  
  366  237  
  366  276  
  366  279  
  366  288  
  366  291  
  366  312  
  366  324  
  367  205  
  367  217  
  367  235  
  367  259  
  367  277  
  367  289  
  368  196  
  368  209  
  368  214  
  368  221  
  368  232  
  368  286  
  368  304  
  368  311  
  368  322  
  368  335  
  369  212  
  369  230  
  369  239  
  369  251  
  369  264  
  369  266  
  369  302  
  370  220  
  370  256  
  370  262  
  370  298  
  370  328  
  370  334  
  371  203  
  371  206  
  371  211  
  371  218  
  371  250  
  371  260  
  371  278  
  372  210  
  372  215  
  372  275  
  372  287  
  372  323  
  373  203  
  373  206  
  373  211  
  373  218  
  373  250  
  373  260  
  373  278  
  373  353  
  373  355  
  374  210  
  374  215  
  374  275  
  374  287  
  374  323  
  374  347  
  374  359  
  375  201  
  375  249  
  375  255  
  375  273  
  375  282  
  375  285  
  375  297  
  375  321  
  375  327  
  375  345  
  376  200  
  376  209  
  376  214  
  376  224  
  376  242  
  376  286  
  376  296  
  376  311  
  376  314  
  376  322  
  376  326  
  376  358  
  376  368  
  377  207  
  377  236  
  377  246  
  377  248  
  377  261  
  377  284  
  377  290  
  377  318  
  377  320  
  378  204  
  378  213  
  378  240  
  378  252  
  378  357  
  379  199  
  379  205  
  379  223  
  379  241  
  379  253  
  379  259  
  379  271  
  379  295  
  380  194  
  380  210  
  380  215  
  380  228  
  380  269  
  380  275  
  380  287  
  380  293  
  381  198  
  381  204  
  381  213  
  381  222  
  381  234  
  381  240  
  381  252  
  381  258  
  382  202  
  382  208  
  382  238  
  382  274  
  382  310  
  382  346  
  382  352  
  383  197  
  383  207  
  383  233  
  383  236  
  383  257  
  383  261  
  383  290  
  383  305  
  383  336  
  384  195  
  384  201  
  384  255  
  384  270  
  384  273  
  384  294  
  384  297  
  384  327  
  384  342  
  384  345  
  385  205  
  385  217  
  385  235  
  385  259  
  385  277  
  385  289  
  386  196  
  386  209  
  386  214  
  386  221  
  386  232  
  386  286  
  386  304  
  386  311  
  386  322  
  386  335  
  386  358  
  387  195  
  387  249  
  387  270  
  387  282  
  387  285  
  387  294  
  387  321  
  387  342  
  388  208  
  388  244  
  388  274  
  388  280  
  388  310  
  388  316  
  388  346  
  389  193  
  389  206  
  389  218  
  389  227  
  389  260  
  389  268  
  389  278  
  389  340  
  389  371  
  390  198  
  390  222  
  390  234  
  390  258  
  390  306  
  391  229  
  391  263  
  391  265  
  391  299  
  391  301  
  391  329  
  391  337  
  392  197  
  392  207  
  392  233  
  392  236  
  392  257  
  392  261  
  392  290  
  392  305  
  392  336  
  393  195  
  393  201  
  393  255  
  393  270  
  393  273  
  393  294  
  393  297  
  393  327  
  393  342  
  393  345  
  393  375  
  394  193  
  394  206  
  394  218  
  394  227  
  394  260  
  394  268  
  394  278  
  394  340  
  394  371  
  395  225  
  395  230  
  395  243  
  395  254  
  395  264  
  395  266  
  395  272  
  395  302  
  395  315  
  395  338  
  395  344  
  395  365  
  395  369  
  396  198  
  396  222  
  396  234  
  396  258  
  396  306  
  397  205  
  397  217  
  397  235  
  397  259  
  397  277  
  397  289  
  398  212  
  398  230  
  398  239  
  398  251  
  398  264  
  398  266  
  398  302  
  398  338  
  398  354  
  398  356  
  398  365  
  399  195  
  399  249  
  399  270  
  399  282  
  399  285  
  399  294  
  399  321  
  399  342  
  400  226  
  400  262  
  400  292  
  400  298  
  400  328  
  400  364  
  400  370  
  401  207  
  401  236  
  401  246  
  401  248  
  401  261  
  401  284  
  401  290  
  401  318  
  401  320  
  402  204  
  402  213  
  402  240  
  402  252  
  402  357  
  403  199  
  403  223  
  403  241  
  403  253  
  403  259  
  403  271  
  403  295  
  404  229  
  404  245  
  404  247  
  404  263  
  404  265  
  404  281  
  404  283  
  404  299  
  405  198  
  405  204  
  405  213  
  405  222  
  405  234  
  405  240  
  405  252  
  405  258  
  406  220  
  406  256  
  406  262  
  406  298  
  406  328  
  406  334  
  406  364  
  407  203  
  407  206  
  407  211  
  407  218  
  407  250  
  407  260  
  407  278  
  407  353  
  407  355  
  408  201  
  408  249  
  408  255  
  408  273  
  408  282  
  408  285  
  408  297  
  408  321  
  408  327  
  408  345  
  409  245  
  409  247  
  409  281  
  409  283  
  409  308  
  409  317  
  409  319  
  409  332  
  409  350  
  409  391  
  409  404  
  410  212  
  410  225  
  410  239  
  410  243  
  410  251  
  410  254  
  410  272  
  410  315  
  410  344  
  410  354  
  410  356  
  410  369  
  410  395  
  410  398  
  411  216  
  411  219  
  411  237  
  411  276  
  411  279  
  411  288  
  411  291  
  411  312  
  411  324  
  411  348  
  411  360  
  412  203  
  412  206  
  412  211  
  412  218  
  412  250  
  412  260  
  412  278  
  412  353  
  412  355  
  412  389  
  412  394  
  413  210  
  413  215  
  413  275  
  413  287  
  413  323  
  413  333  
  413  347  
  413  351  
  413  359  
  413  362  
  413  380  
  414  201  
  414  249  
  414  255  
  414  273  
  414  282  
  414  285  
  414  297  
  414  321  
  414  327  
  414  345  
  414  384  
  414  387  
  414  393  
  414  399  
  415  199  
  415  223  
  415  241  
  415  253  
  415  271  
  415  295  
  415  313  
  415  325  
  415  343  
  415  367  
  415  385  
  415  397  
  416  193  
  416  203  
  416  211  
  416  227  
  416  250  
  416  268  
  416  340  
  416  353  
  416  355  
  416  371  
  416  373  
  416  389  
  416  394  
  416  407  
  417  216  
  417  231  
  417  267  
  417  276  
  417  288  
  417  300  
  417  303  
  417  312  
  417  324  
  417  330  
  417  339  
  417  348  
  417  360  
  417  366  
  418  202  
  418  208  
  418  238  
  418  274  
  418  310  
  418  346  
  418  352  
  418  388  
  419  229  
  419  263  
  419  265  
  419  299  
  419  301  
  419  308  
  419  329  
  419  332  
  419  337  
  419  350  
  419  404  
  420  195  
  420  201  
  420  255  
  420  270  
  420  273  
  420  294  
  420  297  
  420  327  
  420  342  
  420  345  
  420  375  
  420  387  
  420  399  
  420  408  
  421  199  
  421  223  
  421  241  
  421  253  
  421  271  
  421  295  
  421  313  
  421  325  
  421  367  
  421  385  
  421  397  
  422  229  
  422  245  
  422  247  
  422  263  
  422  265  
  422  281  
  422  283  
  422  299  
  422  301  
  422  317  
  422  319  
  422  329  
  422  337  
  422  391  
  423  194  
  423  210  
  423  215  
  423  228  
  423  269  
  423  275  
  423  287  
  423  293  
  423  323  
  423  341  
  423  347  
  423  359  
  423  372  
  423  374  
  424  208  
  424  244  
  424  274  
  424  280  
  424  310  
  424  316  
  424  346  
  424  382  
  425  193  
  425  206  
  425  218  
  425  227  
  425  260  
  425  268  
  425  278  
  425  340  
  425  371  
  425  373  
  425  407  
  426  225  
  426  230  
  426  243  
  426  254  
  426  264  
  426  266  
  426  272  
  426  302  
  426  315  
  426  338  
  426  344  
  426  365  
  426  369  
  426  398  
  427  229  
  427  263  
  427  265  
  427  299  
  427  301  
  427  308  
  427  329  
  427  332  
  427  337  
  427  350  
  427  404  
  428  197  
  428  207  
  428  233  
  428  236  
  428  257  
  428  261  
  428  290  
  428  305  
  428  336  
  428  377  
  428  401  
  429  195  
  429  201  
  429  255  
  429  270  
  429  273  
  429  294  
  429  297  
  429  327  
  429  342  
  429  345  
  429  375  
  429  387  
  429  399  
  429  408  
  429  414  
  430  193  
  430  206  
  430  218  
  430  227  
  430  260  
  430  268  
  430  278  
  430  340  
  430  371  
  430  373  
  430  407  
  431  225  
  431  230  
  431  243  
  431  254  
  431  264  
  431  266  
  431  272  
  431  302  
  431  315  
  431  338  
  431  344  
  431  365  
  431  369  
  431  398  
  431  410  
  432  198  
  432  222  
  432  234  
  432  258  
  432  306  
  432  309  
  432  363  
  432  378  
  432  381  
  432  402  
  432  405  
  433  199  
  433  223  
  433  241  
  433  253  
  433  295  
  433  313  
  433  325  
  433  367  
  433  385  
  433  397  
  434  229  
  434  245  
  434  247  
  434  263  
  434  265  
  434  281  
  434  283  
  434  299  
  434  301  
  434  317  
  434  319  
  434  329  
  434  337  
  434  391  
  435  198  
  435  204  
  435  213  
  435  222  
  435  234  
  435  240  
  435  252  
  435  258  
  435  306  
  435  357  
  435  378  
  435  390  
  435  396  
  435  402  
  436  220  
  436  256  
  436  262  
  436  298  
  436  328  
  436  334  
  436  364  
  436  400  
  437  203  
  437  206  
  437  211  
  437  218  
  437  250  
  437  260  
  437  278  
  437  353  
  437  355  
  437  389  
  437  394  
  438  201  
  438  249  
  438  255  
  438  273  
  438  282  
  438  285  
  438  297  
  438  321  
  438  327  
  438  345  
  438  384  
  438  387  
  438  393  
  438  399  
  439  199  
  439  223  
  439  241  
  439  295  
  439  313  
  439  325  
  439  367  
  439  385  
  439  397  
  440  193  
  440  203  
  440  211  
  440  227  
  440  250  
  440  268  
  440  340  
  440  353  
  440  355  
  440  371  
  440  373  
  440  389  
  440  394  
  440  407  
  441  197  
  441  233  
  441  246  
  441  248  
  441  257  
  441  284  
  441  305  
  441  318  
  441  320  
  441  336  
  441  377  
  441  383  
  441  392  
  441  401  
  442  220  
  442  226  
  442  256  
  442  292  
  442  334  
  442  370  
  442  400  
  442  406  
  443  245  
  443  247  
  443  281  
  443  283  
  443  308  
  443  317  
  443  319  
  443  332  
  443  350  
  443  391  
  443  404  
  444  212  
  444  225  
  444  239  
  444  243  
  444  251  
  444  254  
  444  272  
  444  315  
  444  344  
  444  354  
  444  356  
  444  369  
  444  395  
  444  398  
  445  203  
  445  206  
  445  211  
  445  218  
  445  250  
  445  260  
  445  278  
  445  353  
  445  355  
  445  389  
  445  394  
  445  425  
  445  430  
  446  210  
  446  215  
  446  275  
  446  287  
  446  323  
  446  333  
  446  347  
  446  351  
  446  359  
  446  362  
  446  380  
  447  201  
  447  249  
  447  255  
  447  273  
  447  282  
  447  285  
  447  297  
  447  321  
  447  327  
  447  345  
  447  384  
  447  387  
  447  393  
  447  399  
  447  420  
  447  429  
  448  200  
  448  209  
  448  214  
  448  224  
  448  242  
  448  286  
  448  296  
  448  311  
  448  314  
  448  322  
  448  326  
  448  358  
  448  368  
  448  386  
  449  207  
  449  236  
  449  246  
  449  248  
  449  261  
  449  284  
  449  290  
  449  318  
  449  320  
  449  383  
  449  392  
  449  428  
  450  204  
  450  213  
  450  240  
  450  252  
  450  309  
  450  357  
  450  363  
  450  381  
  450  390  
  450  396  
  450  405  
  450  432  
  451  199  
  451  223  
  451  241  
  451  295  
  451  313  
  451  325  
  451  367  
  451  385  
  452  194  
  452  210  
  452  215  
  452  228  
  452  269  
  452  275  
  452  287  
  452  293  
  452  323  
  452  341  
  452  347  
  452  359  
  452  372  
  452  374  
  453  198  
  453  204  
  453  213  
  453  222  
  453  234  
  453  240  
  453  252  
  453  258  
  453  306  
  453  357  
  453  378  
  453  390  
  453  396  
  453  402  
  454  202  
  454  208  
  454  238  
  454  274  
  454  310  
  454  346  
  454  352  
  454  388  
  454  424  
  455  197  
  455  207  
  455  233  
  455  236  
  455  257  
  455  261  
  455  290  
  455  305  
  455  336  
  455  377  
  455  401  
  456  195  
  456  201  
  456  255  
  456  270  
  456  273  
  456  294  
  456  297  
  456  327  
  456  342  
  456  345  
  456  375  
  456  387  
  456  399  
  456  408  
  456  414  
  456  438  
  457  223  
  457  241  
  457  295  
  457  313  
  457  325  
  457  367  
  457  385  
  458  193  
  458  203  
  458  211  
  458  227  
  458  250  
  458  268  
  458  340  
  458  353  
  458  355  
  458  371  
  458  373  
  458  389  
  458  394  
  458  407  
  459  197  
  459  233  
  459  246  
  459  248  
  459  257  
  459  284  
  459  305  
  459  318  
  459  320  
  459  336  
  459  377  
  459  383  
  459  392  
  459  401  
  460  202  
  460  238  
  460  244  
  460  280  
  460  316  
  460  352  
  460  382  
  460  388  
  460  418  
  460  424  
  461  196  
  461  200  
  461  221  
  461  224  
  461  232  
  461  242  
  461  296  
  461  304  
  461  314  
  461  326  
  461  335  
  461  368  
  461  376  
  461  386  
  462  194  
  462  228  
  462  269  
  462  293  
  462  333  
  462  341  
  462  351  
  462  362  
  462  372  
  462  374  
  462  380  
  462  413  
  463  229  
  463  263  
  463  265  
  463  299  
  463  301  
  463  308  
  463  329  
  463  332  
  463  337  
  463  350  
  463  404  
  463  409  
  463  443  
  464  197  
  464  207  
  464  233  
  464  236  
  464  257  
  464  261  
  464  290  
  464  305  
  464  336  
  464  377  
  464  401  
  465  195  
  465  201  
  465  255  
  465  270  
  465  273  
  465  294  
  465  297  
  465  327  
  465  342  
  465  345  
  465  375  
  465  387  
  465  399  
  465  408  
  465  414  
  465  438  
  465  447  
  466  196  
  466  200  
  466  221  
  466  224  
  466  232  
  466  242  
  466  296  
  466  304  
  466  314  
  466  326  
  466  335  
  466  368  
  466  376  
  466  386  
  467  194  
  467  228  
  467  269  
  467  293  
  467  333  
  467  341  
  467  351  
  467  362  
  467  372  
  467  374  
  467  380  
  467  413  
  468  219  
  468  231  
  468  237  
  468  267  
  468  279  
  468  291  
  468  300  
  468  303  
  468  330  
  468  339  
  468  366  
  468  411  
  469  223  
  469  241  
  469  295  
  469  313  
  469  325  
  469  367  
  470  197  
  470  233  
  470  246  
  470  248  
  470  257  
  470  284  
  470  305  
  470  318  
  470  320  
  470  336  
  470  377  
  470  383  
  470  392  
  470  401  
  471  216  
  471  231  
  471  267  
  471  276  
  471  288  
  471  300  
  471  303  
  471  312  
  471  324  
  471  330  
  471  339  
  471  348  
  471  360  
  471  366  
  472  220  
  472  256  
  472  262  
  472  298  
  472  328  
  472  334  
  472  364  
  472  400  
  472  442  
  473  210  
  473  215  
  473  275  
  473  287  
  473  323  
  473  333  
  473  347  
  473  351  
  473  359  
  473  362  
  473  380  
  474  201  
  474  249  
  474  255  
  474  273  
  474  282  
  474  285  
  474  297  
  474  321  
  474  327  
  474  345  
  474  384  
  474  387  
  474  393  
  474  399  
  474  420  
  474  429  
  475  223  
  475  241  
  475  295  
  475  313  
  475  367  
  476  229  
  476  245  
  476  247  
  476  263  
  476  265  
  476  281  
  476  283  
  476  299  
  476  301  
  476  317  
  476  319  
  476  329  
  476  337  
  476  391  
  477  194  
  477  210  
  477  215  
  477  228  
  477  269  
  477  275  
  477  287  
  477  293  
  477  323  
  477  341  
  477  347  
  477  359  
  477  372  
  477  374  
  478  226  
  478  262  
  478  292  
  478  298  
  478  328  
  478  364  
  478  370  
  478  406  
  478  436  
  478  442  
  479  200  
  479  209  
  479  214  
  479  224  
  479  242  
  479  286  
  479  296  
  479  311  
  479  314  
  479  322  
  479  326  
  479  358  
  479  368  
  479  386  
  480  207  
  480  236  
  480  246  
  480  248  
  480  261  
  480  284  
  480  290  
  480  318  
  480  320  
  480  383  
  480  392  
  480  428  
  481  245  
  481  247  
  481  281  
  481  283  
  481  308  
  481  317  
  481  319  
  481  332  
  481  350  
  481  391  
  481  404  
  481  419  
  481  427  
  481  463  
  482  212  
  482  225  
  482  239  
  482  243  
  482  251  
  482  254  
  482  272  
  482  315  
  482  344  
  482  354  
  482  356  
  482  369  
  482  395  
  482  398  
  482  426  
  482  431  
  483  216  
  483  219  
  483  237  
  483  276  
  483  279  
  483  288  
  483  291  
  483  312  
  483  324  
  483  348  
  483  360  
  483  468  
  484  200  
  484  209  
  484  214  
  484  224  
  484  242  
  484  286  
  484  296  
  484  311  
  484  314  
  484  322  
  484  326  
  484  358  
  484  368  
  484  386  
  484  461  
  484  466  
  485  207  
  485  236  
  485  246  
  485  248  
  485  261  
  485  284  
  485  290  
  485  318  
  485  320  
  485  383  
  485  392  
  485  428  
  485  455  
  485  464  
  486  204  
  486  213  
  486  240  
  486  252  
  486  309  
  486  357  
  486  363  
  486  381  
  486  390  
  486  396  
  486  405  
  486  432  
  487  223  
  487  241  
  487  313  
  487  367  
  488  197  
  488  233  
  488  246  
  488  248  
  488  257  
  488  284  
  488  305  
  488  318  
  488  320  
  488  336  
  488  377  
  488  383  
  488  392  
  488  401  
  489  216  
  489  231  
  489  267  
  489  276  
  489  288  
  489  300  
  489  303  
  489  312  
  489  324  
  489  330  
  489  339  
  489  348  
  489  360  
  489  366  
  490  208  
  490  244  
  490  274  
  490  280  
  490  310  
  490  316  
  490  346  
  490  382  
  490  418  
  490  454  
  490  460  
  491  225  
  491  230  
  491  243  
  491  254  
  491  264  
  491  266  
  491  272  
  491  302  
  491  315  
  491  338  
  491  344  
  491  365  
  491  369  
  491  398  
  491  410  
  491  444  
  492  198  
  492  222  
  492  234  
  492  258  
  492  306  
  492  309  
  492  363  
  492  378  
  492  381  
  492  402  
  492  405  
  492  450  
  493  223  
  493  241  
  493  367  
  494  229  
  494  245  
  494  247  
  494  263  
  494  265  
  494  281  
  494  283  
  494  299  
  494  301  
  494  317  
  494  319  
  494  329  
  494  337  
  494  391  
  495  198  
  495  204  
  495  213  
  495  222  
  495  234  
  495  240  
  495  252  
  495  258  
  495  306  
  495  357  
  495  378  
  495  390  
  495  396  
  495  402  
  496  202  
  496  238  
  496  244  
  496  280  
  496  316  
  496  352  
  496  382  
  496  388  
  496  418  
  496  424  
  496  454  
  497  196  
  497  200  
  497  221  
  497  224  
  497  232  
  497  242  
  497  296  
  497  304  
  497  314  
  497  326  
  497  335  
  497  368  
  497  376  
  497  386  
  497  448  
  497  479  
  498  219  
  498  231  
  498  237  
  498  267  
  498  279  
  498  291  
  498  300  
  498  303  
  498  330  
  498  339  
  498  366  
  498  411  
  499  193  
  499  206  
  499  218  
  499  227  
  499  260  
  499  268  
  499  278  
  499  340  
  499  371  
  499  373  
  499  407  
  499  412  
  499  437  
  499  445  
  500  225  
  500  230  
  500  243  
  500  254  
  500  264  
  500  266  
  500  272  
  500  302  
  500  315  
  500  338  
  500  344  
  500  365  
  500  369  
  500  398  
  500  410  
  500  444  
  501  198  
  501  222  
  501  234  
  501  258  
  501  306  
  501  309  
  501  363  
  501  378  
  501  381  
  501  402  
  501  405  
  501  450  
  502  196  
  502  200  
  502  221  
  502  224  
  502  232  
  502  242  
  502  296  
  502  304  
  502  314  
  502  326  
  502  335  
  502  368  
  502  376  
  502  386  
  502  448  
  502  479  
  503  194  
  503  228  
  503  269  
  503  293  
  503  333  
  503  341  
  503  351  
  503  362  
  503  372  
  503  374  
  503  380  
  503  413  
  503  446  
  503  473  
  504  219  
  504  231  
  504  237  
  504  267  
  504  279  
  504  291  
  504  300  
  504  303  
  504  330  
  504  339  
  504  366  
  504  411  
  505  223  
  505  367  
  506  194  
  506  210  
  506  215  
  506  228  
  506  269  
  506  275  
  506  287  
  506  293  
  506  323  
  506  341  
  506  347  
  506  359  
  506  372  
  506  374  
  507  198  
  507  204  
  507  213  
  507  222  
  507  234  
  507  240  
  507  252  
  507  258  
  507  306  
  507  357  
  507  378  
  507  390  
  507  396  
  507  402  
  508  220  
  508  226  
  508  256  
  508  292  
  508  334  
  508  370  
  508  400  
  508  406  
  508  436  
  508  472  
  508  478  
  509  212  
  509  225  
  509  239  
  509  243  
  509  251  
  509  254  
  509  272  
  509  315  
  509  344  
  509  354  
  509  356  
  509  369  
  509  395  
  509  398  
  509  426  
  509  431  
  510  216  
  510  219  
  510  237  
  510  276  
  510  279  
  510  288  
  510  291  
  510  312  
  510  324  
  510  348  
  510  360  
  510  468  
  511  367  
  512  193  
  512  203  
  512  211  
  512  227  
  512  250  
  512  268  
  512  340  
  512  353  
  512  355  
  512  371  
  512  373  
  512  389  
  512  394  
  512  407  
  513  216  
  513  231  
  513  267  
  513  276  
  513  288  
  513  300  
  513  303  
  513  312  
  513  324  
  513  330  
  513  339  
  513  348  
  513  360  
  513  366  
  514  226  
  514  262  
  514  292  
  514  298  
  514  328  
  514  364  
  514  370  
  514  406  
  514  436  
  514  442  
  514  472  
  515  200  
  515  209  
  515  214  
  515  224  
  515  242  
  515  286  
  515  296  
  515  311  
  515  314  
  515  322  
  515  326  
  515  358  
  515  368  
  515  386  
  515  461  
  515  466  
  516  204  
  516  213  
  516  240  
  516  252  
  516  309  
  516  357  
  516  363  
  516  381  
  516  390  
  516  396  
  516  405  
  516  432  
  632  600  
  632  620  
  640  600  
  640  612  
  652  612  
  652  620  
  660  602  
  660  610  
  662  630  
  662  650  
  670  630  
  670  642  
  672  610  
  672  622  
  680  602  
  680  622  
  682  642  
  682  650  
  726  704  
  727  710  
  732  699  
  737  698  
  752  738  
  753  733  
  754  709  
  756  705  
  760  724  
  761  697  
  765  695  
  766  725  
  767  683  
  767  708  
  767  717  
  767  731  
  767  739  
  767  764  
  768  687  
  768  698  
  768  706  
  768  726  
  769  697  
  769  744  
  769  756  
  769  763  
  770  686  
  770  692  
  770  714  
  770  742  
  771  734  
  771  762  
  772  685  
  772  733  
  772  741  
  772  758  
  772  766  
  773  683  
  773  689  
  773  703  
  773  708  
  773  711  
  773  717  
  773  731  
  773  736  
  773  739  
  773  745  
  773  759  
  773  764  
  774  721  
  774  723  
  774  734  
  774  749  
  774  751  
  774  762  
  775  694  
  775  696  
  775  707  
  775  743  
  775  755  
  775  757  
  776  692  
  776  720  
  776  742  
  776  748  
  777  690  
  777  704  
  777  706  
  777  737  
  777  746  
  778  710  
  778  719  
  778  732  
  778  735  
  778  740  
  779  734  
  779  762  
  780  691  
  780  712  
  780  729  
  780  738  
  780  760  
  781  685  
  781  733  
  781  741  
  781  758  
  781  766  
  782  690  
  782  704  
  782  706  
  782  737  
  782  746  
  783  710  
  783  719  
  783  732  
  783  735  
  783  740  
  784  702  
  784  730  
  785  687  
  785  690  
  785  698  
  785  704  
  785  726  
  785  737  
  785  746  
  786  685  
  786  725  
  786  733  
  786  741  
  786  750  
  786  753  
  786  766  
  787  683  
  787  689  
  787  703  
  787  708  
  787  711  
  787  717  
  787  731  
  787  736  
  787  745  
  787  759  
  787  764  
  788  721  
  788  723  
  788  734  
  788  749  
  788  751  
  788  762  
  789  688  
  789  700  
  789  702  
  789  716  
  789  728  
  789  730  
  790  721  
  790  723  
  790  749  
  790  751  
  791  699  
  791  710  
  791  715  
  791  719  
  791  727  
  791  732  
  791  740  
  792  683  
  792  708  
  792  717  
  792  731  
  792  739  
  792  764  
  793  687  
  793  698  
  793  706  
  793  726  
  794  722  
  794  724  
  794  729  
  794  752  
  795  683  
  795  689  
  795  703  
  795  708  
  795  711  
  795  717  
  795  736  
  795  745  
  795  759  
  795  764  
  796  694  
  796  696  
  796  707  
  796  743  
  796  755  
  796  757  
  797  688  
  797  700  
  797  702  
  797  716  
  797  728  
  797  730  
  798  686  
  798  692  
  798  714  
  798  742  
  799  691  
  799  712  
  799  729  
  799  738  
  799  760  
  800  685  
  800  733  
  800  741  
  800  758  
  800  766  
  801  683  
  801  708  
  801  717  
  801  731  
  801  739  
  801  764  
  802  687  
  802  698  
  802  706  
  802  726  
  803  722  
  803  724  
  803  729  
  803  752  
  804  686  
  804  714  
  804  720  
  804  748  
  805  684  
  805  701  
  805  709  
  805  718  
  805  765  
  806  707  
  806  757  
  807  734  
  807  762  
  808  691  
  808  712  
  808  729  
  808  738  
  808  760  
  808  794  
  809  685  
  809  733  
  809  741  
  809  758  
  809  766  
  810  684  
  810  701  
  810  709  
  810  718  
  810  765  
  811  707  
  811  757  
  812  705  
  812  713  
  812  747  
  812  761  
  812  763  
  813  694  
  813  696  
  813  743  
  813  755  
  814  685  
  814  725  
  814  733  
  814  741  
  814  750  
  814  753  
  814  766  
  815  683  
  815  708  
  815  717  
  815  731  
  815  739  
  815  764  
  816  722  
  816  724  
  816  729  
  816  752  
  816  780  
  817  697  
  817  744  
  817  756  
  817  763  
  818  684  
  818  693  
  818  695  
  818  709  
  818  718  
  818  754  
  818  765  
  819  691  
  819  712  
  819  722  
  819  724  
  819  738  
  819  752  
  819  760  
  820  689  
  820  703  
  820  708  
  820  711  
  820  717  
  820  736  
  820  745  
  820  759  
  820  764  
  821  721  
  821  723  
  821  734  
  821  749  
  821  751  
  821  762  
  822  694  
  822  696  
  822  707  
  822  743  
  822  755  
  822  757  
  823  683  
  823  708  
  823  717  
  823  731  
  823  739  
  823  764  
  824  722  
  824  724  
  824  729  
  824  752  
  825  697  
  825  744  
  825  756  
  825  763  
  826  692  
  826  720  
  826  742  
  826  748  
  827  710  
  827  719  
  827  732  
  827  735  
  827  740  
  828  702  
  828  730  
  829  689  
  829  703  
  829  708  
  829  711  
  829  717  
  829  736  
  829  745  
  829  759  
  830  721  
  830  723  
  830  734  
  830  749  
  830  751  
  830  762  
  831  688  
  831  700  
  831  702  
  831  716  
  831  728  
  831  730  
  832  686  
  832  714  
  832  720  
  832  748  
  833  684  
  833  701  
  833  709  
  833  718  
  833  765  
  834  705  
  834  713  
  834  747  
  834  761  
  834  763  
  835  684  
  835  701  
  835  709  
  835  718  
  835  765  
  836  707  
  836  757  
  837  705  
  837  713  
  837  747  
  837  761  
  837  763  
  837  817  
  838  690  
  838  704  
  838  706  
  838  737  
  838  746  
  838  793  
  839  710  
  839  719  
  839  732  
  839  735  
  839  740  
  840  702  
  840  730  
  841  699  
  841  710  
  841  715  
  841  719  
  841  727  
  841  732  
  841  740  
  842  697  
  842  705  
  842  713  
  842  744  
  842  747  
  842  756  
  842  761  
  843  689  
  843  703  
  843  708  
  843  711  
  843  736  
  843  745  
  843  759  
  844  694  
  844  696  
  844  707  
  844  743  
  844  755  
  844  757  
  845  688  
  845  700  
  845  702  
  845  716  
  845  728  
  845  730  
  846  684  
  846  693  
  846  695  
  846  709  
  846  718  
  846  754  
  846  765  
  847  688  
  847  700  
  847  716  
  847  728  
  848  683  
  848  708  
  848  717  
  848  731  
  848  739  
  848  764  
  849  687  
  849  698  
  849  706  
  849  726  
  849  782  
  850  697  
  850  744  
  850  756  
  850  763  
  850  812  
  851  689  
  851  703  
  851  711  
  851  736  
  851  745  
  851  759  
  851  767  
  851  792  
  851  801  
  851  815  
  851  823  
  851  848  
  852  721  
  852  723  
  852  734  
  852  749  
  852  751  
  852  762  
  852  771  
  852  779  
  852  790  
  852  807  
  853  688  
  853  700  
  853  702  
  853  716  
  853  728  
  853  730  
  853  784  
  853  828  
  853  840  
  853  847  
  854  686  
  854  714  
  854  720  
  854  748  
  854  770  
  854  776  
  854  798  
  854  826  
  855  684  
  855  701  
  855  709  
  855  718  
  855  765  
  855  818  
  855  846  
  856  705  
  856  713  
  856  747  
  856  761  
  856  763  
  856  769  
  856  817  
  856  825  
  856  842  
  856  850  
  857  689  
  857  703  
  857  736  
  857  745  
  857  759  
  857  767  
  857  792  
  857  801  
  857  815  
  857  823  
  857  848  
  858  693  
  858  695  
  858  701  
  858  754  
  858  805  
  858  810  
  858  818  
  858  833  
  858  835  
  858  846  
  859  699  
  859  715  
  859  727  
  859  735  
  859  778  
  859  783  
  859  791  
  859  827  
  859  839  
  859  841  
  860  686  
  860  692  
  860  714  
  860  742  
  860  776  
  860  804  
  860  826  
  860  832  
  861  734  
  861  762  
  861  774  
  861  788  
  861  790  
  861  821  
  861  830  
  862  691  
  862  712  
  862  729  
  862  738  
  862  760  
  862  794  
  862  803  
  862  816  
  862  819  
  862  824  
  863  734  
  863  762  
  863  774  
  863  788  
  863  790  
  863  821  
  863  830  
  864  691  
  864  712  
  864  729  
  864  738  
  864  760  
  864  794  
  864  803  
  864  816  
  864  819  
  864  824  
  865  685  
  865  733  
  865  741  
  865  758  
  865  766  
  865  786  
  865  814  
  866  684  
  866  701  
  866  709  
  866  718  
  866  765  
  866  818  
  866  846  
  867  707  
  867  757  
  867  775  
  867  796  
  867  813  
  867  822  
  867  844  
  868  705  
  868  713  
  868  747  
  868  761  
  868  763  
  868  769  
  868  817  
  868  825  
  868  842  
  868  850  
  869  721  
  869  723  
  869  749  
  869  751  
  869  771  
  869  774  
  869  779  
  869  788  
  869  807  
  869  821  
  869  830  
  870  697  
  870  705  
  870  713  
  870  744  
  870  747  
  870  756  
  870  761  
  870  769  
  870  812  
  870  817  
  870  825  
  870  834  
  870  837  
  870  850  
  871  689  
  871  703  
  871  736  
  871  745  
  871  759  
  871  767  
  871  792  
  871  801  
  871  815  
  871  848  
  872  693  
  872  695  
  872  701  
  872  754  
  872  805  
  872  810  
  872  818  
  872  833  
  872  835  
  872  846  
  873  725  
  873  750  
  873  753  
  873  758  
  873  772  
  873  781  
  873  786  
  873  800  
  873  809  
  873  814  
  874  684  
  874  693  
  874  695  
  874  709  
  874  718  
  874  754  
  874  765  
  874  805  
  874  810  
  874  833  
  874  835  
  875  691  
  875  712  
  875  722  
  875  724  
  875  738  
  875  752  
  875  760  
  875  780  
  875  794  
  875  799  
  875  803  
  875  808  
  875  816  
  875  824  
  876  689  
  876  703  
  876  736  
  876  745  
  876  759  
  876  767  
  876  792  
  876  801  
  876  848  
  877  721  
  877  723  
  877  734  
  877  749  
  877  751  
  877  762  
  877  771  
  877  779  
  877  790  
  877  807  
  878  694  
  878  696  
  878  707  
  878  743  
  878  755  
  878  757  
  878  806  
  878  811  
  878  813  
  878  836  
  879  689  
  879  703  
  879  736  
  879  745  
  879  767  
  879  792  
  879  801  
  879  848  
  880  699  
  880  715  
  880  727  
  880  735  
  880  778  
  880  783  
  880  791  
  880  827  
  880  839  
  880  841  
  881  725  
  881  750  
  881  753  
  881  758  
  881  772  
  881  781  
  881  786  
  881  800  
  881  809  
  881  814  
  882  686  
  882  714  
  882  720  
  882  748  
  882  770  
  882  776  
  882  798  
  882  826  
  883  707  
  883  757  
  883  775  
  883  796  
  883  813  
  883  822  
  883  844  
  884  705  
  884  713  
  884  747  
  884  761  
  884  763  
  884  769  
  884  817  
  884  825  
  884  842  
  884  850  
  885  689  
  885  703  
  885  736  
  885  745  
  885  792  
  885  801  
  885  848  
  886  721  
  886  723  
  886  734  
  886  749  
  886  751  
  886  762  
  886  771  
  886  779  
  886  790  
  886  807  
  887  694  
  887  696  
  887  707  
  887  743  
  887  755  
  887  757  
  887  806  
  887  811  
  887  813  
  887  836  
  888  692  
  888  720  
  888  742  
  888  748  
  888  770  
  888  798  
  888  804  
  888  832  
  889  690  
  889  704  
  889  706  
  889  737  
  889  746  
  889  768  
  889  785  
  889  793  
  889  802  
  889  849  
  890  710  
  890  719  
  890  732  
  890  735  
  890  740  
  890  791  
  890  841  
  891  684  
  891  701  
  891  709  
  891  718  
  891  765  
  891  818  
  891  846  
  892  707  
  892  757  
  892  775  
  892  796  
  892  813  
  892  822  
  892  844  
  893  705  
  893  713  
  893  747  
  893  761  
  893  763  
  893  769  
  893  817  
  893  825  
  893  842  
  893  850  
  894  690  
  894  704  
  894  706  
  894  737  
  894  746  
  894  768  
  894  785  
  894  793  
  894  802  
  894  849  
  895  710  
  895  719  
  895  732  
  895  735  
  895  740  
  895  791  
  895  841  
  896  702  
  896  730  
  896  789  
  896  797  
  896  831  
  896  845  
  896  847  
  897  699  
  897  710  
  897  715  
  897  719  
  897  727  
  897  732  
  897  740  
  897  778  
  897  783  
  897  827  
  897  839  
  898  697  
  898  705  
  898  713  
  898  744  
  898  747  
  898  756  
  898  761  
  898  769  
  898  812  
  898  817  
  898  825  
  898  834  
  898  837  
  898  850  
  899  689  
  899  703  
  899  736  
  899  792  
  899  801  
  899  848  
  900  694  
  900  696  
  900  707  
  900  743  
  900  755  
  900  757  
  900  806  
  900  811  
  900  813  
  900  836  
  901  688  
  901  700  
  901  702  
  901  716  
  901  728  
  901  730  
  901  784  
  901  828  
  901  840  
  901  847  
  902  687  
  902  690  
  902  698  
  902  704  
  902  726  
  902  737  
  902  746  
  902  768  
  902  777  
  902  782  
  902  793  
  902  802  
  902  838  
  902  849  
  903  694  
  903  696  
  903  743  
  903  755  
  903  775  
  903  796  
  903  806  
  903  811  
  903  822  
  903  836  
  903  844  
  904  689  
  904  736  
  904  792  
  904  801  
  904  848  
  905  693  
  905  695  
  905  701  
  905  754  
  905  805  
  905  810  
  905  818  
  905  833  
  905  835  
  905  846  
  906  699  
  906  715  
  906  727  
  906  735  
  906  778  
  906  783  
  906  791  
  906  827  
  906  839  
  906  841  
  907  689  
  907  736  
  907  792  
  907  801  
  908  694  
  908  696  
  908  707  
  908  743  
  908  755  
  908  757  
  908  806  
  908  811  
  908  813  
  908  836  
  909  688  
  909  700  
  909  702  
  909  716  
  909  728  
  909  730  
  909  784  
  909  828  
  909  840  
  909  847  
  910  686  
  910  692  
  910  714  
  910  742  
  910  776  
  910  804  
  910  826  
  910  832  
  911  691  
  911  712  
  911  729  
  911  738  
  911  760  
  911  794  
  911  803  
  911  816  
  911  819  
  911  824  
  912  685  
  912  733  
  912  741  
  912  758  
  912  766  
  912  786  
  912  814  
  913  736  
  913  792  
  913  801  
  914  693  
  914  695  
  914  701  
  914  754  
  914  805  
  914  810  
  914  818  
  914  833  
  914  835  
  914  846  
  915  725  
  915  750  
  915  753  
  915  758  
  915  772  
  915  781  
  915  786  
  915  800  
  915  809  
  915  814  
  916  692  
  916  720  
  916  742  
  916  748  
  916  770  
  916  798  
  916  804  
  916  832  
  917  690  
  917  704  
  917  706  
  917  737  
  917  746  
  917  768  
  917  785  
  917  793  
  917  802  
  917  849  
  918  702  
  918  730  
  918  789  
  918  797  
  918  831  
  918  845  
  918  847  
  919  734  
  919  762  
  919  774  
  919  788  
  919  790  
  919  821  
  919  830  
  920  691  
  920  712  
  920  729  
  920  738  
  920  760  
  920  794  
  920  803  
  920  816  
  920  819  
  920  824  
  921  685  
  921  733  
  921  741  
  921  758  
  921  766  
  921  786  
  921  814  
  922  690  
  922  704  
  922  706  
  922  737  
  922  746  
  922  768  
  922  785  
  922  793  
  922  802  
  922  849  
  923  710  
  923  719  
  923  732  
  923  735  
  923  740  
  923  791  
  923  841  
  924  702  
  924  730  
  924  789  
  924  797  
  924  831  
  924  845  
  924  847  
  925  691  
  925  712  
  925  722  
  925  724  
  925  738  
  925  752  
  925  760  
  925  780  
  925  794  
  925  799  
  925  803  
  925  808  
  925  816  
  925  824  
  926  688  
  926  700  
  926  716  
  926  728  
  926  784  
  926  789  
  926  797  
  926  828  
  926  831  
  926  840  
  926  845  
  927  736  
  927  792  
  928  699  
  928  715  
  928  727  
  928  735  
  928  778  
  928  783  
  928  791  
  928  827  
  928  839  
  928  841  
  929  725  
  929  750  
  929  753  
  929  758  
  929  772  
  929  781  
  929  786  
  929  800  
  929  809  
  929  814  
  930  687  
  930  690  
  930  698  
  930  704  
  930  726  
  930  737  
  930  746  
  930  768  
  930  777  
  930  782  
  930  793  
  930  802  
  930  838  
  930  849  
  931  685  
  931  725  
  931  733  
  931  741  
  931  750  
  931  753  
  931  766  
  931  772  
  931  781  
  931  800  
  931  809  
  932  736  
  933  721  
  933  723  
  933  734  
  933  749  
  933  751  
  933  762  
  933  771  
  933  779  
  933  790  
  933  807  
  934  688  
  934  700  
  934  702  
  934  716  
  934  728  
  934  730  
  934  784  
  934  828  
  934  840  
  934  847  
  1134  1077  
  1134  1084  
  1134  1092  
  1134  1102  
  1134  1132  
  1135  1088  
  1135  1098  
  1135  1123  
  1135  1128  
  1135  1130  
  1136  1076  
  1136  1081  
  1136  1086  
  1136  1091  
  1136  1096  
  1136  1101  
  1136  1106  
  1136  1111  
  1136  1116  
  1136  1121  
  1136  1126  
  1136  1131  
  1137  1099  
  1137  1109  
  1137  1119  
  1137  1129  
  1138  1075  
  1138  1085  
  1138  1095  
  1138  1105  
  1139  1109  
  1139  1129  
  1140  1083  
  1140  1097  
  1140  1104  
  1140  1113  
  1140  1127  
  1141  1081  
  1141  1086  
  1141  1096  
  1141  1111  
  1141  1121  
  1141  1126  
  1142  1079  
  1142  1084  
  1143  1094  
  1143  1110  
  1144  1099  
  1144  1119  
  1145  1088  
  1145  1098  
  1145  1115  
  1145  1123  
  1145  1128  
  1146  1081  
  1146  1086  
  1146  1096  
  1146  1111  
  1146  1121  
  1146  1126  
  1147  1079  
  1147  1084  
  1148  1120  
  1148  1125  
  1149  1077  
  1149  1079  
  1149  1092  
  1149  1102  
  1149  1132  
  1150  1083  
  1150  1097  
  1150  1100  
  1150  1113  
  1150  1127  
  1151  1076  
  1151  1081  
  1151  1086  
  1151  1091  
  1151  1101  
  1151  1106  
  1151  1111  
  1151  1116  
  1151  1121  
  1151  1126  
  1151  1131  
  1152  1099  
  1152  1109  
  1152  1119  
  1152  1129  
  1153  1080  
  1153  1090  
  1153  1114  
  1153  1124  
  1154  1090  
  1154  1124  
  1155  1088  
  1155  1098  
  1155  1123  
  1155  1128  
  1155  1130  
  1156  1081  
  1156  1086  
  1156  1096  
  1156  1111  
  1156  1121  
  1156  1126  
  1157  1094  
  1157  1110  
  1158  1120  
  1158  1125  
  1159  1082  
  1159  1087  
  1159  1089  
  1159  1112  
  1159  1122  
  1160  1093  
  1160  1103  
  1160  1107  
  1160  1110  
  1160  1117  
  1161  1076  
  1161  1081  
  1161  1086  
  1161  1091  
  1161  1101  
  1161  1106  
  1161  1111  
  1161  1116  
  1161  1121  
  1161  1131  
  1162  1099  
  1162  1109  
  1162  1119  
  1162  1129  
  1163  1080  
  1163  1090  
  1163  1114  
  1163  1124  
  1164  1093  
  1164  1094  
  1164  1103  
  1164  1107  
  1164  1117  
  1165  1088  
  1165  1098  
  1165  1115  
  1165  1123  
  1165  1128  
  1166  1076  
  1166  1081  
  1166  1086  
  1166  1091  
  1166  1101  
  1166  1106  
  1166  1111  
  1166  1116  
  1166  1131  
  1167  1080  
  1167  1090  
  1167  1114  
  1167  1124  
  1168  1075  
  1168  1085  
  1168  1095  
  1168  1105  
  1169  1074  
  1169  1082  
  1169  1087  
  1169  1112  
  1169  1122  
  1170  1080  
  1170  1114  
  1171  1081  
  1171  1086  
  1171  1096  
  1171  1111  
  1171  1121  
  1171  1126  
  1172  1079  
  1172  1084  
  1173  1094  
  1173  1110  
  1174  1083  
  1174  1097  
  1174  1104  
  1174  1113  
  1174  1127  
  1175  1078  
  1175  1108  
  1175  1118  
  1175  1125  
  1175  1133  
  1176  1076  
  1176  1081  
  1176  1091  
  1176  1101  
  1176  1106  
  1176  1111  
  1176  1116  
  1176  1131  
  1177  1080  
  1177  1090  
  1177  1114  
  1177  1124  
  1178  1075  
  1178  1085  
  1178  1095  
  1178  1105  
  1179  1082  
  1179  1087  
  1179  1089  
  1179  1112  
  1179  1122  
  1180  1085  
  1180  1105  
  1181  1081  
  1181  1086  
  1181  1096  
  1181  1111  
  1181  1121  
  1181  1126  
  1182  1079  
  1182  1084  
  1183  1120  
  1183  1125  
  1184  1083  
  1184  1097  
  1184  1100  
  1184  1113  
  1184  1127  
  1185  1075  
  1185  1095  
  1186  1081  
  1186  1086  
  1186  1096  
  1186  1111  
  1186  1121  
  1186  1126  
  1187  1094  
  1187  1110  
  1188  1120  
  1188  1125  
  1189  1074  
  1189  1082  
  1189  1087  
  1189  1112  
  1189  1122  
  1190  1078  
  1190  1108  
  1190  1118  
  1190  1120  
  1190  1133  
  1191  1076  
  1191  1091  
  1191  1101  
  1191  1106  
  1191  1111  
  1191  1116  
  1191  1131  
  1192  1099  
  1192  1109  
  1192  1119  
  1192  1129  
  1193  1075  
  1193  1085  
  1193  1095  
  1193  1105  
  1194  1109  
  1194  1129  
  1194  1137  
  1194  1144  
  1194  1152  
  1194  1162  
  1194  1192  
  1195  1078  
  1195  1108  
  1195  1118  
  1195  1125  
  1195  1133  
  1195  1148  
  1195  1158  
  1195  1183  
  1195  1188  
  1195  1190  
  1196  1076  
  1196  1091  
  1196  1101  
  1196  1106  
  1196  1116  
  1196  1131  
  1196  1141  
  1196  1146  
  1196  1156  
  1196  1171  
  1196  1181  
  1196  1186  
  1197  1074  
  1197  1089  
  1197  1159  
  1197  1169  
  1197  1179  
  1197  1189  
  1198  1115  
  1198  1130  
  1198  1135  
  1198  1145  
  1198  1155  
  1198  1165  
  1199  1082  
  1199  1087  
  1199  1089  
  1199  1112  
  1199  1122  
  1199  1169  
  1199  1189  
  1200  1093  
  1200  1103  
  1200  1107  
  1200  1110  
  1200  1117  
  1200  1143  
  1200  1157  
  1200  1164  
  1200  1173  
  1200  1187  
  1201  1076  
  1201  1091  
  1201  1101  
  1201  1106  
  1201  1116  
  1201  1131  
  1201  1141  
  1201  1146  
  1201  1171  
  1201  1181  
  1201  1186  
  1202  1099  
  1202  1109  
  1202  1119  
  1202  1129  
  1202  1139  
  1202  1144  
  1203  1080  
  1203  1090  
  1203  1114  
  1203  1124  
  1203  1154  
  1203  1170  
  1204  1074  
  1204  1082  
  1204  1087  
  1204  1112  
  1204  1122  
  1204  1159  
  1204  1179  
  1205  1078  
  1205  1108  
  1205  1118  
  1205  1120  
  1205  1133  
  1205  1148  
  1205  1158  
  1205  1175  
  1205  1183  
  1205  1188  
  1206  1076  
  1206  1091  
  1206  1101  
  1206  1106  
  1206  1131  
  1206  1141  
  1206  1146  
  1206  1171  
  1206  1181  
  1206  1186  
  1207  1099  
  1207  1109  
  1207  1119  
  1207  1129  
  1207  1139  
  1207  1144  
  1208  1075  
  1208  1085  
  1208  1095  
  1208  1105  
  1208  1180  
  1208  1185  
  1209  1099  
  1209  1119  
  1209  1137  
  1209  1139  
  1209  1152  
  1209  1162  
  1209  1192  
  1210  1093  
  1210  1094  
  1210  1103  
  1210  1107  
  1210  1117  
  1210  1143  
  1210  1157  
  1210  1160  
  1210  1173  
  1210  1187  
  1211  1076  
  1211  1091  
  1211  1101  
  1211  1131  
  1211  1141  
  1211  1146  
  1211  1171  
  1211  1181  
  1211  1186  
  1212  1074  
  1212  1089  
  1212  1159  
  1212  1169  
  1212  1179  
  1212  1189  
  1213  1100  
  1213  1104  
  1213  1140  
  1213  1150  
  1213  1174  
  1213  1184  
  1214  1083  
  1214  1097  
  1214  1104  
  1214  1113  
  1214  1127  
  1214  1150  
  1214  1184  
  1215  1078  
  1215  1108  
  1215  1118  
  1215  1125  
  1215  1133  
  1215  1148  
  1215  1158  
  1215  1183  
  1215  1188  
  1215  1190  
  1216  1076  
  1216  1091  
  1216  1101  
  1216  1131  
  1216  1141  
  1216  1146  
  1216  1171  
  1216  1181  
  1217  1080  
  1217  1090  
  1217  1114  
  1217  1124  
  1217  1154  
  1217  1170  
  1218  1075  
  1218  1085  
  1218  1095  
  1218  1105  
  1218  1180  
  1218  1185  
  1219  1077  
  1219  1084  
  1219  1092  
  1219  1102  
  1219  1132  
  1219  1142  
  1219  1147  
  1219  1149  
  1219  1172  
  1219  1182  
  1220  1090  
  1220  1124  
  1220  1153  
  1220  1163  
  1220  1167  
  1220  1170  
  1220  1177  
  1221  1091  
  1221  1101  
  1221  1131  
  1221  1141  
  1221  1146  
  1221  1171  
  1221  1181  
  1222  1074  
  1222  1089  
  1222  1159  
  1222  1169  
  1222  1179  
  1222  1189  
  1223  1100  
  1223  1104  
  1223  1140  
  1223  1150  
  1223  1174  
  1223  1184  
  1224  1080  
  1224  1114  
  1224  1153  
  1224  1154  
  1224  1163  
  1224  1167  
  1224  1177  
  1225  1078  
  1225  1108  
  1225  1118  
  1225  1120  
  1225  1133  
  1225  1148  
  1225  1158  
  1225  1175  
  1225  1183  
  1225  1188  
  1226  1091  
  1226  1101  
  1226  1131  
  1226  1141  
  1226  1146  
  1226  1171  
  1227  1100  
  1227  1104  
  1227  1140  
  1227  1150  
  1227  1174  
  1227  1184  
  1228  1115  
  1228  1130  
  1228  1135  
  1228  1145  
  1228  1155  
  1228  1165  
  1229  1077  
  1229  1079  
  1229  1092  
  1229  1102  
  1229  1132  
  1229  1134  
  1229  1142  
  1229  1147  
  1229  1172  
  1229  1182  
  1230  1083  
  1230  1097  
  1230  1100  
  1230  1113  
  1230  1127  
  1230  1140  
  1230  1174  
  1231  1091  
  1231  1101  
  1231  1131  
  1231  1141  
  1231  1171  
  1232  1099  
  1232  1109  
  1232  1119  
  1232  1129  
  1232  1139  
  1232  1144  
  1233  1080  
  1233  1090  
  1233  1114  
  1233  1124  
  1233  1154  
  1233  1170  
  1234  1093  
  1234  1103  
  1234  1107  
  1234  1110  
  1234  1117  
  1234  1143  
  1234  1157  
  1234  1164  
  1234  1173  
  1234  1187  
  1235  1085  
  1235  1105  
  1235  1138  
  1235  1168  
  1235  1178  
  1235  1185  
  1235  1193  
  1236  1091  
  1236  1101  
  1236  1141  
  1236  1171  
  1237  1100  
  1237  1104  
  1237  1140  
  1237  1150  
  1237  1174  
  1237  1184  
  1238  1115  
  1238  1130  
  1238  1135  
  1238  1145  
  1238  1155  
  1238  1165  
  1239  1077  
  1239  1084  
  1239  1092  
  1239  1102  
  1239  1132  
  1239  1142  
  1239  1147  
  1239  1149  
  1239  1172  
  1239  1182  
  1240  1088  
  1240  1098  
  1240  1123  
  1240  1128  
  1240  1130  
  1240  1145  
  1240  1165  
  1241  1091  
  1241  1101  
  1241  1171  
  1242  1099  
  1242  1109  
  1242  1119  
  1242  1129  
  1242  1139  
  1242  1144  
  1243  1075  
  1243  1085  
  1243  1095  
  1243  1105  
  1243  1180  
  1243  1185  
  1244  1093  
  1244  1094  
  1244  1103  
  1244  1107  
  1244  1117  
  1244  1143  
  1244  1157  
  1244  1160  
  1244  1173  
  1244  1187  
  1245  1088  
  1245  1098  
  1245  1115  
  1245  1123  
  1245  1128  
  1245  1135  
  1245  1155  
  1246  1091  
  1246  1171  
  1247  1080  
  1247  1090  
  1247  1114  
  1247  1124  
  1247  1154  
  1247  1170  
  1248  1075  
  1248  1085  
  1248  1095  
  1248  1105  
  1248  1180  
  1248  1185  
  1249  1077  
  1249  1079  
  1249  1092  
  1249  1102  
  1249  1132  
  1249  1134  
  1249  1142  
  1249  1147  
  1249  1172  
  1249  1182  
  1250  1075  
  1250  1095  
  1250  1138  
  1250  1168  
  1250  1178  
  1250  1180  
  1250  1193  
  1251  1171  
  1252  1074  
  1252  1089  
  1252  1159  
  1252  1169  
  1252  1179  
  1252  1189  
  1253  1115  
  1253  1130  
  1253  1135  
  1253  1145  
  1253  1155  
  1253  1165  
  1380  1348  
  1380  1355  
  1380  1361  
  1380  1372  
  1381  1351  
  1382  1374  
  1383  1349  
  1383  1369  
  1383  1373  
  1383  1379  
  1384  1360  
  1384  1368  
  1385  1366  
  1386  1362  
  1386  1378  
  1387  1348  
  1387  1358  
  1387  1361  
  1387  1372  
  1388  1355  
  1388  1358  
  1389  1367  
  1389  1379  
  1390  1366  
  1391  1357  
  1391  1365  
  1391  1371  
  1391  1377  
  1392  1354  
  1392  1362  
  1392  1370  
  1392  1378  
  1393  1366  
  1393  1374  
  1394  1352  
  1394  1376  
  1395  1348  
  1395  1355  
  1395  1361  
  1395  1372  
  1396  1366  
  1397  1357  
  1397  1365  
  1397  1371  
  1397  1377  
  1398  1353  
  1398  1356  
  1398  1363  
  1398  1364  
  1399  1359  
  1400  1352  
  1400  1376  
  1401  1351  
  1402  1362  
  1402  1378  
  1403  1357  
  1403  1365  
  1403  1375  
  1403  1377  
  1404  1350  
  1404  1363  
  1405  1371  
  1405  1375  
  1406  1348  
  1406  1355  
  1406  1361  
  1406  1372  
  1407  1351  
  1408  1354  
  1408  1362  
  1408  1370  
  1409  1351  
  1409  1359  
  1410  1360  
  1410  1368  
  1411  1357  
  1411  1365  
  1411  1371  
  1411  1377  
  1412  1366  
  1412  1382  
  1412  1393  
  1413  1357  
  1413  1365  
  1413  1371  
  1413  1377  
  1413  1403  
  1413  1405  
  1414  1353  
  1414  1356  
  1414  1363  
  1414  1364  
  1414  1404  
  1415  1359  
  1415  1381  
  1415  1401  
  1415  1407  
  1415  1409  
  1416  1354  
  1416  1370  
  1416  1386  
  1416  1402  
  1417  1350  
  1417  1353  
  1417  1356  
  1417  1364  
  1417  1398  
  1417  1404  
  1418  1352  
  1418  1376  
  1418  1394  
  1418  1400  
  1419  1374  
  1419  1385  
  1419  1390  
  1419  1393  
  1419  1396  
  1420  1350  
  1420  1363  
  1420  1398  
  1421  1371  
  1421  1375  
  1421  1391  
  1421  1397  
  1421  1403  
  1421  1411  
  1422  1374  
  1422  1385  
  1422  1390  
  1422  1393  
  1422  1396  
  1423  1349  
  1423  1369  
  1423  1373  
  1423  1379  
  1423  1389  
  1424  1354  
  1424  1370  
  1424  1386  
  1425  1366  
  1425  1374  
  1425  1382  
  1425  1385  
  1425  1390  
  1425  1396  
  1426  1360  
  1426  1368  
  1426  1384  
  1426  1410  
  1427  1353  
  1427  1356  
  1427  1363  
  1427  1364  
  1427  1404  
  1428  1348  
  1428  1355  
  1428  1361  
  1428  1372  
  1428  1387  
  1428  1388  
  1429  1351  
  1429  1399  
  1429  1409  
  1430  1374  
  1430  1385  
  1430  1390  
  1430  1393  
  1430  1396  
  1431  1349  
  1431  1369  
  1431  1373  
  1431  1379  
  1431  1389  
  1432  1354  
  1432  1386  
  1433  1349  
  1433  1367  
  1433  1369  
  1433  1373  
  1433  1383  
  1433  1389  
  1434  1360  
  1434  1368  
  1434  1384  
  1434  1410  
  1435  1359  
  1435  1381  
  1435  1401  
  1435  1407  
  1435  1409  
  1436  1355  
  1436  1358  
  1436  1380  
  1436  1387  
  1436  1395  
  1436  1406  
  1437  1367  
  1437  1379  
  1437  1383  
  1438  1353  
  1438  1356  
  1438  1363  
  1438  1364  
  1438  1404  
  1439  1359  
  1439  1381  
  1439  1401  
  1439  1407  
  1439  1409  
  1440  1354  
  1441  1351  
  1441  1359  
  1441  1381  
  1441  1399  
  1441  1401  
  1441  1407  
  1442  1352  
  1442  1376  
  1442  1394  
  1442  1400  
  1443  1349  
  1443  1369  
  1443  1373  
  1443  1379  
  1443  1389  
  1543  1528  
  1543  1532  
  1545  1530  
  1545  1541  
  1546  1521  
  1546  1529  
  1546  1536  
  1547  1527  
  1548  1542  
  1550  1535  
  1550  1540  
  1551  1526  
  1551  1530  
  1551  1534  
  1551  1541  
  1552  1538  
  1553  1521  
  1553  1527  
  1553  1529  
  1553  1536  
  1555  1535  
  1555  1540  
  1556  1525  
  1556  1531  
  1558  1524  
  1559  1530  
  1559  1541  
  1560  1539  
  1560  1540  
  1561  1526  
  1561  1530  
  1561  1534  
  1562  1524  
  1563  1528  
  1563  1532  
  1564  1535  
  1564  1540  
  1565  1552  
  1566  1535  
  1566  1540  
  1566  1560  
  1567  1525  
  1567  1531  
  1568  1558  
  1568  1562  
  1569  1526  
  1569  1534  
  1569  1545  
  1569  1559  
  1570  1523  
  1570  1525  
  1570  1556  
  1571  1538  
  1571  1544  
  1571  1549  
  1571  1552  
  1571  1554  
  1572  1526  
  1572  1534  
  1572  1545  
  1573  1538  
  1573  1544  
  1573  1549  
  1573  1554  
  1574  1528  
  1574  1532  
  1574  1543  
  1574  1563  
  1575  1525  
  1575  1531  
  1576  1526  
  1576  1545  
  1577  1522  
  1577  1533  
  1577  1537  
  1577  1548  
  1578  1528  
  1578  1532  
  1578  1543  
  1578  1563  
  1579  1558  
  1579  1562  
  1580  1527  
  1580  1546  
  1580  1553  
  1581  1542  
  1582  1525  
  1582  1531  
  1583  1558  
  1583  1562  
  1584  1526  
  1585  1524  
  1585  1557  
  1585  1558  
  1586  1522  
  1586  1533  
  1586  1537  
  1586  1542  
  1586  1548  
  1658  1649  
  1658  1655  
  1659  1648  
  1660  1646  
  1660  1649  
  1660  1652  
  1660  1655  
  1662  1647  
  1662  1648  
  1664  1649  
  1664  1655  
  1665  1654  
  1666  1646  
  1666  1649  
  1666  1652  
  1668  1653  
  1668  1654  
  1669  1646  
  1669  1652  
  1669  1658  
  1669  1664  
  1670  1645  
  1671  1657  
  1671  1661  
  1672  1646  
  1672  1652  
  1672  1658  
  1673  1657  
  1674  1645  
  1674  1650  
  1675  1646  
  1675  1658  
  1676  1651  
  1677  1663  
  1677  1667  
  1678  1646  
  1679  1663  
  1680  1651  
  1680  1656  
  1716  1712  
  1718  1715  
  1720  1717  
  1721  1714  
  1722  1713  
  1723  1719  
 