4 6 10 10
2 0 0 2 2 0 
2 2 0 0 0 2
0 2 2 0 1 0
0 0 2 1 0 1

3 6 8 64
1 1 1 1 1 1
1 1 1 1 1 1
1 1 1 1 1 1 









12 24 10 10000
 0 1 1 0 0 0 0 0 1 1 0 0 1 1 0 0 0 0 0 0 0 0 0 0
 0 1 0 0 0 1 1 1 0 0 0 1 0 1 1 0 0 0 0 0 0 0 0 0
 0 0 0 1 1 1 0 1 0 0 0 1 0 0 1 1 0 0 0 0 0 0 0 0
 1 0 1 0 0 0 0 0 1 1 0 0 0 0 0 1 1 0 0 0 0 0 0 0
 0 0 1 0 0 0 1 0 0 1 1 0 0 0 0 0 1 1 0 0 0 0 0 0
 0 0 0 0 1 1 0 1 0 0 0 1 1 0 0 0 0 1 1 0 0 0 0 0
 0 0 1 1 0 0 0 0 0 1 1 0 0 0 0 0 0 0 1 1 0 0 0 0
 0 1 1 0 0 0 1 0 0 1 0 0 0 0 0 0 0 0 0 1 1 0 0 0
 1 0 0 0 1 1 0 1 0 0 0 1 0 0 0 0 0 0 0 0 1 1 0 0
 0 0 0 0 0 1 0 1 0 0 1 1 0 0 0 0 0 0 0 0 0 1 1 0
 0 0 1 1 0 0 0 0 1 1 0 0 0 0 0 0 0 0 0 0 0 0 1 1
 1 0 0 0 0 1 0 1 0 0 0 1 1 0 0 0 0 0 0 0 0 0 0 1

 0 1 1 0 0 0 0 0 1 1 0 0 2 2 0 0 0 0 0 0 0 0 0 0
 0 1 0 0 0 1 1 1 0 0 0 1 0 2 2 0 0 0 0 0 0 0 0 0
 0 0 0 1 1 1 0 1 0 0 0 1 0 0 2 2 0 0 0 0 0 0 0 0
 1 0 1 0 0 0 0 0 1 1 0 0 0 0 0 2 2 0 0 0 0 0 0 0
 0 0 1 0 0 0 1 0 0 1 1 0 0 0 0 0 2 2 0 0 0 0 0 0
 0 0 0 0 1 1 0 1 0 0 0 1 1 0 0 0 0 2 2 0 0 0 0 0
 0 0 1 1 0 0 0 0 0 1 1 0 0 0 0 0 0 0 2 2 0 0 0 0
 0 1 1 0 0 0 1 0 0 1 0 0 0 0 0 0 0 0 0 2 2 0 0 0
 1 0 0 0 1 1 0 1 0 0 0 1 0 0 0 0 0 0 0 0 2 2 0 0
 0 0 0 0 0 1 0 1 0 0 1 1 0 0 0 0 0 0 0 0 0 2 2 0
 0 0 1 1 0 0 0 0 1 1 0 0 0 0 0 0 0 0 0 0 0 0 2 2
 1 0 0 0 0 1 0 1 0 0 0 1 1 0 0 0 0 0 0 0 0 0 0 2
