0 0 107 0 7 0 0 260 154 0 87 245 0 13 33 0 66 130 0 181 101 0 6 85 

0 0 0 0 1 3


0 0 0  0 0 0  0 208 66  0 122 468  0 222 323  0 224 3  0 384 382  0 277 176  0 397 178 0 125 353  0 249 183  0 496 4



    [0    -1     0    -1     0    -1     0    -1     0    -1     0    -1
     0    -1   208    -1   222    -1   384    -1    -1     0    -1     0
     0    -1    -1     0    -1     0    -1     0   397    -1   249    -1
    -1     0    66    -1    -1   224    -1   277   178    -1    -1   496
    -1     0    -1   122   323    -1    -1   176    -1   125   183    -1
    -1     0    -1   468    -1     3   382    -1    -1   353    -1     4];




0 0 0 0  0 48 226 109  0 207 149 263 0 71 182 59