  0 -1 -1 -1 -1 96 15 -1 -1 -1 -1 -1 -1 -1 -1 62 -1 40 -1 -1 -1  0 -1  0
   0  0 -1 -1 -1 -1 -1 36 -1 -1 -1 -1 -1 -1 80 -1 -1 49 -1  0 -1 -1 -1 60
  -1  0  0 -1 -1 43 -1 -1 -1 -1 -1 -1 -1 18 -1 -1 84 16  0 -1 -1 -1  0 -1
  -1 -1  0  0 -1 -1 -1 -1 -1 93 -1 84 -1 -1 -1 -1 -1 79 -1 -1  0 -1 -1  8
  -1 -1 -1  0  0 -1 -1 -1 15 -1 -1 -1 12 -1 -1 -1 -1 11 -1 -1 -1 -1 34  9
  -1 -1 -1 -1  0  0 -1 -1 -1 -1 10 -1 -1 -1 -1 -1 26 13 -1 -1 -1 -1 -1 30
  -1 -1 -1 -1 -1 -1  0 -1 -1 -1 -1 96 15 -1 -1 -1 -1 -1 -1 -1 -1 62 -1 40
  -1 -1 -1 -1 -1 -1  0  0 -1 -1 -1 -1 -1 36 -1 -1 -1 -1 -1 -1 80 -1 -1 49
  -1 -1 -1 -1 -1 -1 -1  0  0 -1 -1 43 -1 -1 -1 -1 -1 -1 -1 18 -1 -1 84 16
  -1 -1 -1 -1 -1 -1 -1 -1  0  0 -1 -1 -1 -1 -1 93 -1 84 -1 -1 -1 -1 -1 79
  -1 -1 -1 -1 -1 -1 -1 -1 -1  0  0 -1 -1 -1 15 -1 -1 -1 12 -1 -1 -1 -1 11
  -1 -1 -1 -1 -1 -1 -1 -1 -1 -1  0  0 -1 -1 -1 -1 10 -1 -1 -1 -1 -1 26 13
 