 g=12 for M=23
0 0 0 0 0 0 0 0 0 0 0 0 0 0 0 73 0 0 0 0 0 0 0 0 0 14 0 0 0 0 2 0 0 0 22 0 0 26 0 55 60 0 79 70 0 15 28 0 80 81
 g=12 for M=16
0 0 0 0 0 0 0 0 0 0 0 0 0 0 0 14 0 0 0 0 0 0 0 0 0 55 0 0 0 0 57 0 0 0 28 0 0 51 0 10 70 0 1 29 0 59 18 0 36 82
 g=12 for M=15
0 0 0 0 0 0 0 0 0 0 0 0 0 0 0 58 0 0 0 0 0 0 0 0 0 50 0 0 0 0 2 0 0 0 68 0 0 24 0 80 22 0 3 83 0 45 24 0 1 56
 g=12 for M=14
0 0 0 0 0 0 0 0 0 0 0 0 0 0 0 34 0 0 0 0 0 0 0 0 0 57 0 0 0 0 28 0 0 0 11 0 0 57 0 61 38 0 63 78 0 27 8 0 58 7
 g=12 for M=13
0 0 0 0 0 0 0 0 0 0 0 0 0 0 0 46 0 0 0 0 0 0 0 0 0 75 0 0 0 0 30 0 0 0 68 0 0 19 0 48 72 0 33 39 0 38 71 0 82 73
 g=12 for M=10
0 0 0 0 0 0 0 0 0 0 0 0 0 0 0 57 0 0 0 0 0 0 0 0 0 65 0 0 0 0 30 0 0 0 43 0 0 36 0 35 38 0 42 72 0 57 82 0 69 76
 g=12 for M=32
0 0 0 0 0 0 0 0 0 0 0 0 0 0 0 56 0 0 0 0 0 0 0 0 0 48 0 0 0 0 67 0 0 0 42 0 0 124 0 99 49 0 56 60 0 39 12 0 94 23
 g=12 for M=19
0 0 0 0 0 0 0 0 0 0 0 0 0 0 0 56 0 0 0 0 0 0 0 0 0 14 0 0 0 0 15 0 0 0 11 0 0 118 0 12 46 0 101 83 0 74 75 0 71 50
 g=12 for M=18
0 0 0 0 0 0 0 0 0 0 0 0 0 0 0 28 0 0 0 0 0 0 0 0 0 39 0 0 0 0 47 0 0 0 85 0 0 20 0 70 86 0 63 89 0 34 110 0 48 19
 g=12 for M=15
0 0 0 0 0 0 0 0 0 0 0 0 0 0 0 104 0 0 0 0 0 0 0 0 0 75 0 0 0 0 111 0 0 0 72 0 0 88 0 36 103 0 123 71 0 67 0 0 60 35
 g=12 for M=14
0 0 0 0 0 0 0 0 0 0 0 0 0 0 0 52 0 0 0 0 0 0 0 0 0 11 0 0 0 0 1 0 0 0 105 0 0 124 0 113 43 0 25 47 0 30 10 0 38 40
 g=12 for M=12
0 0 0 0 0 0 0 0 0 0 0 0 0 0 0 38 0 0 0 0 0 0 0 0 0 82 0 0 0 0 102 0 0 0 27 0 0 44 0 13 55 0 122 101 0 8 49 0 73 84
 g=12 for M=49 from M=32
0 0 0 0 0 0 0 0 0 0 0 0 0 0 0 56 0 0 0 0 0 0 0 0 0 48 0 0 0 0 67 0 0 0 42 0 0 124 0 99 49 0 56 60 0 39 12 0 94 23 0 69 53
 g=12 for M=39 from M=32
0 0 0 0 0 0 0 0 0 0 0 0 0 0 0 56 0 0 0 0 0 0 0 0 0 48 0 0 0 0 67 0 0 0 42 0 0 124 0 99 49 0 56 60 0 39 12 0 94 23 0 34 93
 g=12 for M=38 from M=32
0 0 0 0 0 0 0 0 0 0 0 0 0 0 0 56 0 0 0 0 0 0 0 0 0 48 0 0 0 0 67 0 0 0 42 0 0 124 0 99 49 0 56 60 0 39 12 0 94 23 0 17 92
 g=12 for M=37 from M=37
0 0 0 0 0 0 0 0 0 0 0 0 0 0 0 49 0 0 0 0 0 0 0 0 0 60 0 0 0 0 66 0 0 0 3 0 0 55 0 75 81 0 45 62 0 95 91 0 108 39 0 123 34
 g=12 for M=35 from M=19
0 0 0 0 0 0 0 0 0 0 0 0 0 0 0 56 0 0 0 0 0 0 0 0 0 14 0 0 0 0 15 0 0 0 11 0 0 118 0 12 46 0 101 83 0 74 75 0 71 50 0 110 95
 g=12 for M=32 from M=29
0 0 0 0 0 0 0 0 0 0 0 0 0 0 0 100 0 0 0 0 0 0 0 0 0 57 0 0 0 0 76 0 0 0 119 0 0 35 0 53 2 0 7 16 0 8 105 0 90 86 0 28 67
 g=12 for M=31 from M=29
0 0 0 0 0 0 0 0 0 0 0 0 0 0 0 100 0 0 0 0 0 0 0 0 0 57 0 0 0 0 76 0 0 0 119 0 0 35 0 53 2 0 7 16 0 8 105 0 90 86 0 14 89
 g=12 for M=27 from M=18
0 0 0 0 0 0 0 0 0 0 0 0 0 0 0 80 0 0 0 0 0 0 0 0 0 97 0 0 0 0 62 0 0 0 105 0 0 22 0 41 37 0 34 24 0 20 106 0 122 9 0 40 44
 g=12 for M=25 from M=25
0 0 0 0 0 0 0 0 0 0 0 0 0 0 0 108 0 0 0 0 0 0 0 0 0 30 0 0 0 0 23 0 0 0 22 0 0 104 0 123 40 0 108 41 0 117 8 0 51 114 0 61 116
 g=12 for M=18 from M=18
0 0 0 0 0 0 0 0 0 0 0 0 0 0 0 29 0 0 0 0 0 0 0 0 0 25 0 0 0 0 124 0 0 0 59 0 0 2 0 91 77 0 23 123 0 91 9 0 99 78 0 39 118
 g=12 for M=16 from M=16
0 0 0 0 0 0 0 0 0 0 0 0 0 0 0 54 0 0 0 0 0 0 0 0 0 21 0 0 0 0 103 0 0 0 42 0 0 13 0 113 96 0 15 53 0 114 62 0 26 63 0 57 55
 g=12 for M=57 from M=49
0 0 0 0 0 0 0 0 0 0 0 0 0 0 0 56 0 0 0 0 0 0 0 0 0 48 0 0 0 0 67 0 0 0 42 0 0 124 0 99 49 0 56 60 0 39 12 0 94 23 0 69 53 0 51 75
 g=12 for M=52 from M=38
0 0 0 0 0 0 0 0 0 0 0 0 0 0 0 56 0 0 0 0 0 0 0 0 0 48 0 0 0 0 67 0 0 0 42 0 0 124 0 99 49 0 56 60 0 39 12 0 94 23 0 73 30 0 92 16
 g=12 for M=38 from M=38
0 0 0 0 0 0 0 0 0 0 0 0 0 0 0 56 0 0 0 0 0 0 0 0 0 48 0 0 0 0 67 0 0 0 42 0 0 124 0 99 49 0 56 60 0 39 12 0 94 23 0 73 30 0 116 65
 g=12 for M=34 from M=34
0 0 0 0 0 0 0 0 0 0 0 0 0 0 0 28 0 0 0 0 0 0 0 0 0 39 0 0 0 0 47 0 0 0 85 0 0 20 0 70 86 0 63 89 0 34 110 0 48 19 0 99 92 0 109 122
 g=12 for M=26 from M=26
0 0 0 0 0 0 0 0 0 0 0 0 0 0 0 116 0 0 0 0 0 0 0 0 0 4 0 0 0 0 76 0 0 0 74 0 0 8 0 70 115 0 108 83 0 9 41 0 9 43 0 97 44 0 106 112
 g=12 for M=57 from M=57
0 0 0 0 0 0 0 0 0 0 0 0 0 0 0 56 0 0 0 0 0 0 0 0 0 48 0 0 0 0 67 0 0 0 42 0 0 124 0 99 49 0 56 60 0 39 12 0 94 23 0 69 53 0 51 75 0 45 74
 g=12 for M=52 from M=52
0 0 0 0 0 0 0 0 0 0 0 0 0 0 0 56 0 0 0 0 0 0 0 0 0 48 0 0 0 0 67 0 0 0 42 0 0 124 0 99 49 0 56 60 0 39 12 0 94 23 0 73 30 0 92 16 0 11 46
 g=12 for M=38 from M=38
0 0 0 0 0 0 0 0 0 0 0 0 0 0 0 49 0 0 0 0 0 0 0 0 0 60 0 0 0 0 66 0 0 0 3 0 0 55 0 75 81 0 45 62 0 95 91 0 108 39 0 123 34 0 70 52 0 28 8
 g=12 for M=35 from M=35
0 0 0 0 0 0 0 0 0 0 0 0 0 0 0 26 0 0 0 0 0 0 0 0 0 112 0 0 0 0 43 0 0 0 98 0 0 123 0 23 54 0 6 97 0 59 38 0 41 38 0 47 112 0 73 37 0 112 86
 g=12 for M=33 from M=33
0 0 0 0 0 0 0 0 0 0 0 0 0 0 0 91 0 0 0 0 0 0 0 0 0 41 0 0 0 0 66 0 0 0 14 0 0 118 0 86 63 0 10 76 0 7 98 0 87 59 0 82 110 0 111 115 0 90 4
 g=12 for M=103 from M=67
0 0 0 0 0 0 0 0 0 0 0 0 0 0 0 56 0 0 0 0 0 0 0 0 0 48 0 0 0 0 67 0 0 0 42 0 0 124 0 99 49 0 56 60 0 39 12 0 94 23 0 34 93 0 117 70 0 52 123 0 0 122
 g=12 for M=78 from M=67
0 0 0 0 0 0 0 0 0 0 0 0 0 0 0 56 0 0 0 0 0 0 0 0 0 48 0 0 0 0 67 0 0 0 42 0 0 124 0 99 49 0 56 60 0 39 12 0 94 23 0 34 93 0 117 70 0 52 123 0 0 74
 g=12 for M=57 from M=57
0 0 0 0 0 0 0 0 0 0 0 0 0 0 0 56 0 0 0 0 0 0 0 0 0 48 0 0 0 0 67 0 0 0 42 0 0 124 0 99 49 0 56 60 0 39 12 0 94 23 0 17 92 0 90 77 0 3 76 0 0 23
 g=12 for M=55 from M=55
0 0 0 0 0 0 0 0 0 0 0 0 0 0 0 56 0 0 0 0 0 0 0 0 0 14 0 0 0 0 15 0 0 0 11 0 0 118 0 12 46 0 101 83 0 74 75 0 71 50 0 60 58 0 51 72 0 11 13 0 0 69
 g=12 for M=49 from M=49
0 0 0 0 0 0 0 0 0 0 0 0 0 0 0 29 0 0 0 0 0 0 0 0 0 112 0 0 0 0 107 0 0 0 93 0 0 50 0 45 117 0 105 89 0 21 103 0 102 124 0 122 116 0 37 73 0 47 1 0 0 51
 g=12 for M=42 from M=42
0 0 0 0 0 0 0 0 0 0 0 0 0 0 0 104 0 0 0 0 0 0 0 0 0 75 0 0 0 0 111 0 0 0 72 0 0 88 0 36 103 0 123 71 0 67 0 0 60 35 0 76 30 0 83 82 0 103 98 0 0 19
 g=12 for M=39 from M=39
0 0 0 0 0 0 0 0 0 0 0 0 0 0 0 76 0 0 0 0 0 0 0 0 0 55 0 0 0 0 25 0 0 0 77 0 0 48 0 76 49 0 90 67 0 81 15 0 9 74 0 101 32 0 22 89 0 79 39 0 0 7
 g=12 for M=103 from M=103
0 0 0 0 0 0 0 0 0 0 0 0 0 0 0 56 0 0 0 0 0 0 0 0 0 48 0 0 0 0 67 0 0 0 42 0 0 124 0 99 49 0 56 60 0 39 12 0 94 23 0 34 93 0 117 70 0 52 123 0 0 122 0 6 118
 g=12 for M=78 from M=78
0 0 0 0 0 0 0 0 0 0 0 0 0 0 0 56 0 0 0 0 0 0 0 0 0 48 0 0 0 0 67 0 0 0 42 0 0 124 0 99 49 0 56 60 0 39 12 0 94 23 0 34 93 0 117 70 0 52 123 0 0 74 0 20 49
 g=12 for M=57 from M=57
0 0 0 0 0 0 0 0 0 0 0 0 0 0 0 56 0 0 0 0 0 0 0 0 0 48 0 0 0 0 67 0 0 0 42 0 0 124 0 99 49 0 56 60 0 39 12 0 94 23 0 17 92 0 90 77 0 3 76 0 0 23 0 98 35
 g=12 for M=55 from M=55
0 0 0 0 0 0 0 0 0 0 0 0 0 0 0 56 0 0 0 0 0 0 0 0 0 14 0 0 0 0 15 0 0 0 11 0 0 118 0 12 46 0 101 83 0 74 75 0 71 50 0 60 58 0 51 72 0 11 13 0 0 69 0 103 78
 g=12 for M=49 from M=49
0 0 0 0 0 0 0 0 0 0 0 0 0 0 0 29 0 0 0 0 0 0 0 0 0 112 0 0 0 0 107 0 0 0 93 0 0 50 0 45 117 0 105 89 0 21 103 0 102 124 0 122 116 0 37 73 0 47 1 0 0 51 0 116 55
 g=12 for M=45 from M=45
0 0 0 0 0 0 0 0 0 0 0 0 0 0 0 76 0 0 0 0 0 0 0 0 0 58 0 0 0 0 115 0 0 0 14 0 0 119 0 25 19 0 10 4 0 8 36 0 91 88 0 60 47 0 57 43 0 51 75 0 0 58 0 87 64
 g=12 for M=103 from M=103
0 0 0 0 0 0 0 0 0 0 0 0 0 0 0 56 0 0 0 0 0 0 0 0 0 48 0 0 0 0 67 0 0 0 42 0 0 124 0 99 49 0 56 60 0 39 12 0 94 23 0 34 93 0 117 70 0 52 123 0 0 122 0 6 118 0 67 41
 g=12 for M=78 from M=78
0 0 0 0 0 0 0 0 0 0 0 0 0 0 0 56 0 0 0 0 0 0 0 0 0 48 0 0 0 0 67 0 0 0 42 0 0 124 0 99 49 0 56 60 0 39 12 0 94 23 0 34 93 0 117 70 0 52 123 0 0 74 0 110 111 0 3 91
 g=12 for M=63 from M=63
0 0 0 0 0 0 0 0 0 0 0 0 0 0 0 49 0 0 0 0 0 0 0 0 0 60 0 0 0 0 66 0 0 0 3 0 0 55 0 75 81 0 45 62 0 95 91 0 108 39 0 123 34 0 1 54 0 98 16 0 0 16 0 64 31 0 53 76
 g=12 for M=61 from M=61
0 0 0 0 0 0 0 0 0 0 0 0 0 0 0 29 0 0 0 0 0 0 0 0 0 112 0 0 0 0 107 0 0 0 93 0 0 50 0 45 117 0 105 89 0 21 103 0 102 124 0 56 60 0 66 113 0 50 27 0 0 88 0 80 36 0 7 101
 g=12 for M=60 from M=60
0 0 0 0 0 0 0 0 0 0 0 0 0 0 0 43 0 0 0 0 0 0 0 0 0 54 0 0 0 0 104 0 0 0 46 0 0 81 0 111 19 0 109 73 0 88 11 0 37 107 0 100 25 0 7 73 0 84 77 0 0 97 0 31 58 0 90 21
 g=12 for M=59 from M=59
0 0 0 0 0 0 0 0 0 0 0 0 0 0 0 99 0 0 0 0 0 0 0 0 0 114 0 0 0 0 85 0 0 0 90 0 0 66 0 63 84 0 57 29 0 34 72 0 102 58 0 67 85 0 46 116 0 56 125 0 0 66 0 46 23 0 95 49
 g=12 for M=123 from M=103
0 0 0 0 0 0 0 0 0 0 0 0 0 0 0 56 0 0 0 0 0 0 0 0 0 48 0 0 0 0 67 0 0 0 42 0 0 124 0 99 49 0 56 60 0 39 12 0 94 23 0 34 93 0 117 70 0 52 123 0 0 122 0 104 52 0 48 88 0 124 116
 g=12 for M=122 from M=122
0 0 0 0 0 0 0 0 0 0 0 0 0 0 0 56 0 0 0 0 0 0 0 0 0 48 0 0 0 0 67 0 0 0 42 0 0 124 0 99 49 0 56 60 0 39 12 0 94 23 0 34 93 0 117 70 0 52 123 0 0 66 0 42 114 0 30 83 0 26 52
 g=12 for M=107 from M=107
0 0 0 0 0 0 0 0 0 0 0 0 0 0 0 56 0 0 0 0 0 0 0 0 0 48 0 0 0 0 67 0 0 0 42 0 0 124 0 99 49 0 56 60 0 39 12 0 94 23 0 34 93 0 117 70 0 52 123 0 0 74 0 110 111 0 35 39 0 93 104
 g=12 for M=78 from M=78
0 0 0 0 0 0 0 0 0 0 0 0 0 0 0 56 0 0 0 0 0 0 0 0 0 48 0 0 0 0 67 0 0 0 42 0 0 124 0 99 49 0 56 60 0 39 12 0 94 23 0 34 93 0 117 70 0 52 123 0 0 74 0 61 99 0 18 40 0 4 27
 g=12 for M=63 from M=63
0 0 0 0 0 0 0 0 0 0 0 0 0 0 0 49 0 0 0 0 0 0 0 0 0 60 0 0 0 0 66 0 0 0 3 0 0 55 0 75 81 0 45 62 0 95 91 0 108 39 0 123 34 0 1 54 0 98 16 0 0 16 0 64 31 0 111 13 0 121 109
 g=12 for M=103 from M=103
0 0 0 0 0 0 0 0 0 0 0 0 0 0 0 56 0 0 0 0 0 0 0 0 0 48 0 0 0 0 67 0 0 0 42 0 0 124 0 99 49 0 56 60 0 39 12 0 94 23 0 34 93 0 117 70 0 52 123 0 0 122 0 6 118 0 7 41
 g=12 for M=78 from M=78
0 0 0 0 0 0 0 0 0 0 0 0 0 0 0 56 0 0 0 0 0 0 0 0 0 48 0 0 0 0 67 0 0 0 42 0 0 124 0 99 49 0 56 60 0 39 12 0 94 23 0 34 93 0 117 70 0 52 123 0 0 74 0 2 35 0 81 21
 g=12 for M=63 from M=63
0 0 0 0 0 0 0 0 0 0 0 0 0 0 0 49 0 0 0 0 0 0 0 0 0 60 0 0 0 0 66 0 0 0 3 0 0 55 0 75 81 0 45 62 0 95 91 0 108 39 0 123 34 0 1 54 0 98 16 0 0 93 0 77 9 0 120 1
 g=12 for M=55 from M=55
0 0 0 0 0 0 0 0 0 0 0 0 0 0 0 56 0 0 0 0 0 0 0 0 0 14 0 0 0 0 15 0 0 0 11 0 0 118 0 12 46 0 101 83 0 74 75 0 71 50 0 60 58 0 51 72 0 11 13 0 0 64 0 75 101 0 14 62
 g=12 for M=103 from M=103
0 0 0 0 0 0 0 0 0 0 0 0 0 0 0 56 0 0 0 0 0 0 0 0 0 48 0 0 0 0 67 0 0 0 42 0 0 124 0 99 49 0 56 60 0 39 12 0 94 23 0 34 93 0 117 70 0 52 123 0 0 122 0 6 118 0 7 41 0 117 20
 g=12 for M=83 from M=83
0 0 0 0 0 0 0 0 0 0 0 0 0 0 0 56 0 0 0 0 0 0 0 0 0 48 0 0 0 0 67 0 0 0 42 0 0 124 0 99 49 0 56 60 0 39 12 0 94 23 0 17 92 0 90 77 0 3 76 0 0 23 0 30 25 0 95 112 0 28 107
 g=12 for M=63 from M=63
0 0 0 0 0 0 0 0 0 0 0 0 0 0 0 49 0 0 0 0 0 0 0 0 0 60 0 0 0 0 66 0 0 0 3 0 0 55 0 75 81 0 45 62 0 95 91 0 108 39 0 123 34 0 1 54 0 98 16 0 0 93 0 77 9 0 120 1 0 48 40
 g=8 for M=50 from M=126
0 0 0 0 0 0 0 0 0 0 0 0 0 0 0 56 0 0 0 0 0 0 0 0 0 48 0 0 0 0 67 0 0 0 42 0 0 124 0 99 49 0 56 60 0 39 12 0 94 23 0 34 93 0 117 70 0 52 123 0 0 122 0 6 118 0 81 60 0 72 42 0 4 13 62 120 113 111 79 63 105 59 48 17 22
 g=8 for M=38 from M=103
0 0 0 0 0 0 0 0 0 0 0 0 0 0 0 56 0 0 0 0 0 0 0 0 0 48 0 0 0 0 67 0 0 0 42 0 0 124 0 99 49 0 56 60 0 39 12 0 94 23 0 34 93 0 117 70 0 52 123 0 0 122 0 6 118 0 7 41 0 117 20 0 92 83 96 67 95 14 71 111 73 91 14 37 96
 g=8 for M=36 from M=126
0 0 0 0 0 0 0 0 0 0 0 0 0 0 0 56 0 0 0 0 0 0 0 0 0 48 0 0 0 0 67 0 0 0 42 0 0 124 0 99 49 0 56 60 0 39 12 0 94 23 0 73 30 0 49 105 0 125 21 0 0 63 0 47 99 0 103 93 0 83 5 0 5 122 34 103 58 65 96 100 95 79 57 23 29
 g=8 for M=35 from M=126
0 0 0 0 0 0 0 0 0 0 0 0 0 0 0 49 0 0 0 0 0 0 0 0 0 60 0 0 0 0 66 0 0 0 3 0 0 55 0 75 81 0 45 62 0 95 91 0 108 39 0 123 34 0 70 52 0 60 93 0 0 67 0 59 101 0 98 44 0 11 71 0 12 101 45 60 54 34 52 76 16 75 55 77 76
 g=8 for M=34 from M=119
0 0 0 0 0 0 0 0 0 0 0 0 0 0 0 49 0 0 0 0 0 0 0 0 0 60 0 0 0 0 66 0 0 0 3 0 0 55 0 75 81 0 45 62 0 95 91 0 108 39 0 123 34 0 28 35 0 88 73 0 0 16 0 123 53 0 0 114 0 39 75 0 122 48 94 97 3 98 50 124 32 105 103 79 6
 g=8 for M=30 from M=126
0 0 0 0 0 0 0 0 0 0 0 0 0 0 0 49 0 0 0 0 0 0 0 0 0 60 0 0 0 0 66 0 0 0 3 0 0 55 0 75 81 0 45 62 0 95 91 0 108 39 0 15 23 0 98 58 0 68 41 0 0 100 0 83 23 0 69 27 0 88 119 0 117 69 45 119 85 34 64 84 46 7 13 53 70
 g=8 for M=28 from M=126
0 0 0 0 0 0 0 0 0 0 0 0 0 0 0 25 0 0 0 0 0 0 0 0 0 119 0 0 0 0 109 0 0 0 106 0 0 95 0 120 21 0 17 62 0 23 60 0 111 12 0 9 47 0 32 6 0 63 8 0 0 93 0 83 45 0 55 96 0 89 68 0 62 105 9 82 28 75 95 72 85 121 90 53 109
 g=8 for M=25 from M=119
0 0 0 0 0 0 0 0 0 0 0 0 0 0 0 109 0 0 0 0 0 0 0 0 0 104 0 0 0 0 64 0 0 0 14 0 0 51 0 116 51 0 58 115 0 12 76 0 84 99 0 83 22 0 114 4 0 98 34 0 0 99 0 3 41 0 86 37 0 52 118 0 104 29 97 105 48 115 68 5 7 36 92 34 90
 g=6 for M=51 from M=126
0 0 0 0 0 0 0 0 0 0 0 0 0 0 0 56 0 0 0 0 0 0 0 0 0 48 0 0 0 0 67 0 0 0 42 0 0 124 0 99 49 0 56 60 0 39 12 0 94 23 0 34 93 0 117 70 0 52 123 0 0 122 0 6 118 0 81 60 0 83 102 0 104 121 118 50 56 94 8 117 63 24 101 71 61
 g=6 for M=41 from M=126
0 0 0 0 0 0 0 0 0 0 0 0 0 0 0 56 0 0 0 0 0 0 0 0 0 48 0 0 0 0 67 0 0 0 42 0 0 124 0 99 49 0 56 60 0 39 12 0 94 23 0 34 93 0 117 70 0 52 123 0 0 122 0 6 118 0 81 60 0 83 102 0 43 18 99 51 27 102 81 9 78 103 108 45 50
 g=6 for M=35 from M=122
0 0 0 0 0 0 0 0 0 0 0 0 0 0 0 56 0 0 0 0 0 0 0 0 0 48 0 0 0 0 67 0 0 0 42 0 0 124 0 99 49 0 56 60 0 39 12 0 94 23 0 34 93 0 117 70 0 52 123 0 0 74 0 2 35 0 81 21 0 13 69 0 89 13 92 1 96 118 66 47 38 125 111 43 112
 g=6 for M=34 from M=126
0 0 0 0 0 0 0 0 0 0 0 0 0 0 0 56 0 0 0 0 0 0 0 0 0 48 0 0 0 0 67 0 0 0 42 0 0 124 0 99 49 0 56 60 0 39 12 0 94 23 0 17 92 0 90 77 0 3 76 0 0 23 0 33 52 0 69 5 0 15 68 0 114 26 102 18 117 81 20 23 66 115 34 94 55
 g=6 for M=32 from M=126
0 0 0 0 0 0 0 0 0 0 0 0 0 0 0 56 0 0 0 0 0 0 0 0 0 48 0 0 0 0 67 0 0 0 42 0 0 124 0 99 49 0 56 60 0 39 12 0 94 23 0 17 92 0 46 43 0 64 112 0 0 15 0 53 98 0 83 99 0 115 59 0 38 103 2 9 57 81 64 22 72 87 115 122 1
 g=6 for M=30 from M=110
0 0 0 0 0 0 0 0 0 0 0 0 0 0 0 56 0 0 0 0 0 0 0 0 0 48 0 0 0 0 67 0 0 0 42 0 0 124 0 99 49 0 56 60 0 39 12 0 94 23 0 73 30 0 116 65 0 20 37 0 0 34 0 84 90 0 36 27 0 10 89 0 38 76 51 22 17 78 16 3 20 43 49 6 91
 g=6 for M=28 from M=126
0 0 0 0 0 0 0 0 0 0 0 0 0 0 0 49 0 0 0 0 0 0 0 0 0 60 0 0 0 0 66 0 0 0 3 0 0 55 0 75 81 0 45 62 0 95 91 0 108 39 0 121 48 0 95 25 0 85 34 0 0 71 0 74 59 0 88 114 0 101 95 0 99 37 41 7 28 96 113 20 104 46 6 46 52
 g=6 for M=27 from M=116
0 0 0 0 0 0 0 0 0 0 0 0 0 0 0 56 0 0 0 0 0 0 0 0 0 14 0 0 0 0 15 0 0 0 11 0 0 118 0 12 46 0 101 83 0 74 75 0 71 50 0 48 114 0 59 25 0 62 79 0 0 95 0 89 81 0 66 99 0 65 13 0 99 107 30 67 81 113 47 89 1 53 29 13 70
 g=6 for M=25 from M=108
0 0 0 0 0 0 0 0 0 0 0 0 0 0 0 51 0 0 0 0 0 0 0 0 0 62 0 0 0 0 123 0 0 0 123 0 0 20 0 59 106 0 29 31 0 104 74 0 53 80 0 95 39 0 67 91 0 63 41 0 0 38 0 53 73 0 18 65 0 52 85 0 116 49 71 31 13 56 52 83 76 92 1 115 25
 g=6 for M=2
0 0 0 0 0 0 0 0 0 0 0 0 0 0 0 17 0 0 0 0 0 0 0 0 0 95 0 0 0 0 28 0 0 0 64 0 0 78 0 115 80 0 66 116 0 43 24 0 48 103
 g=6 for M=2
0 0 0 0 0 0 0 0 0 0 0 0 0 0 0 26 0 0 0 0 0 0 0 0 0 39 0 0 0 0 11 0 0 0 109 0 0 100 0 75 113 0 118 109 0 70 121 0 34 104
 g=6 for M=2 from M=2
0 0 0 0 0 0 0 0 0 0 0 0 0 0 0 26 0 0 0 0 0 0 0 0 0 39 0 0 0 0 11 0 0 0 109 0 0 100 0 75 113 0 118 109 0 70 121 0 34 104 0 1 33
 g=6 for M=2 from M=2
0 0 0 0 0 0 0 0 0 0 0 0 0 0 0 26 0 0 0 0 0 0 0 0 0 39 0 0 0 0 11 0 0 0 109 0 0 100 0 75 113 0 118 109 0 70 121 0 34 104 0 1 33 0 53 95
 g=6 for M=2 from M=2
0 0 0 0 0 0 0 0 0 0 0 0 0 0 0 26 0 0 0 0 0 0 0 0 0 39 0 0 0 0 11 0 0 0 109 0 0 100 0 75 113 0 118 109 0 70 121 0 34 104 0 1 33 0 53 95 0 81 115
 g=6 for M=2 from M=2
0 0 0 0 0 0 0 0 0 0 0 0 0 0 0 26 0 0 0 0 0 0 0 0 0 39 0 0 0 0 11 0 0 0 109 0 0 100 0 75 113 0 118 109 0 70 121 0 34 104 0 1 33 0 53 95 0 81 115 0 0 38
 g=6 for M=2 from M=2
0 0 0 0 0 0 0 0 0 0 0 0 0 0 0 26 0 0 0 0 0 0 0 0 0 39 0 0 0 0 11 0 0 0 109 0 0 100 0 75 113 0 118 109 0 70 121 0 34 104 0 1 33 0 53 95 0 81 115 0 0 38 0 64 4
 g=6 for M=2 from M=2
0 0 0 0 0 0 0 0 0 0 0 0 0 0 0 26 0 0 0 0 0 0 0 0 0 39 0 0 0 0 11 0 0 0 109 0 0 100 0 75 113 0 118 109 0 70 121 0 34 104 0 1 33 0 53 95 0 81 115 0 0 38 0 64 4 0 112 45
 g=6 for M=2 from M=2
0 0 0 0 0 0 0 0 0 0 0 0 0 0 0 26 0 0 0 0 0 0 0 0 0 39 0 0 0 0 11 0 0 0 109 0 0 100 0 75 113 0 118 109 0 70 121 0 34 104 0 1 33 0 53 95 0 81 115 0 0 38 0 64 4 0 112 45 0 66 9
 g=12 for M=33
0 0 0 0 0 0 0 0 0 0 0 0 0 0 0 32 0 0 0 0 0 0 0 0 0 54 0 0 0 0 36 0 0 0 42 0 0 16 0 108 14 0 86 85 0 0 107 0 58 60
 g=12 for M=28
0 0 0 0 0 0 0 0 0 0 0 0 0 0 0 66 0 0 0 0 0 0 0 0 0 26 0 0 0 0 20 0 0 0 61 0 0 34 0 14 31 0 125 5 0 30 123 0 14 29
 g=12 for M=25
0 0 0 0 0 0 0 0 0 0 0 0 0 0 0 47 0 0 0 0 0 0 0 0 0 102 0 0 0 0 10 0 0 0 103 0 0 59 0 68 17 0 110 1 0 55 100 0 119 86
 g=12 for M=21
0 0 0 0 0 0 0 0 0 0 0 0 0 0 0 33 0 0 0 0 0 0 0 0 0 84 0 0 0 0 63 0 0 0 54 0 0 86 0 92 1 0 87 59 0 11 7 0 81 83
 g=12 for M=15
0 0 0 0 0 0 0 0 0 0 0 0 0 0 0 29 0 0 0 0 0 0 0 0 0 34 0 0 0 0 25 0 0 0 16 0 0 25 0 7 29 0 4 87 0 30 98 0 106 118
 g=12 for M=14
0 0 0 0 0 0 0 0 0 0 0 0 0 0 0 95 0 0 0 0 0 0 0 0 0 33 0 0 0 0 74 0 0 0 18 0 0 22 0 13 76 0 118 61 0 103 53 0 2 21
 g=12 for M=13
0 0 0 0 0 0 0 0 0 0 0 0 0 0 0 9 0 0 0 0 0 0 0 0 0 25 0 0 0 0 112 0 0 0 121 0 0 77 0 49 77 0 61 106 0 87 6 0 98 117
 g=12 for M=11
0 0 0 0 0 0 0 0 0 0 0 0 0 0 0 43 0 0 0 0 0 0 0 0 0 102 0 0 0 0 62 0 0 0 43 0 0 51 0 69 9 0 75 117 0 5 122 0 65 1
 g=12 for M=44 from M=33
0 0 0 0 0 0 0 0 0 0 0 0 0 0 0 32 0 0 0 0 0 0 0 0 0 54 0 0 0 0 36 0 0 0 42 0 0 16 0 108 14 0 86 85 0 0 107 0 58 60 0 1 42
 g=12 for M=36 from M=36
0 0 0 0 0 0 0 0 0 0 0 0 0 0 0 51 0 0 0 0 0 0 0 0 0 5 0 0 0 0 115 0 0 0 44 0 0 16 0 94 80 0 84 75 0 45 78 0 32 52 0 66 121
 g=12 for M=35 from M=28
0 0 0 0 0 0 0 0 0 0 0 0 0 0 0 66 0 0 0 0 0 0 0 0 0 26 0 0 0 0 20 0 0 0 61 0 0 34 0 14 31 0 125 5 0 30 123 0 14 29 0 23 98
 g=12 for M=25 from M=25
0 0 0 0 0 0 0 0 0 0 0 0 0 0 0 13 0 0 0 0 0 0 0 0 0 32 0 0 0 0 31 0 0 0 11 0 0 7 0 73 87 0 28 53 0 85 23 0 98 58 0 74 86
 g=12 for M=20 from M=20
0 0 0 0 0 0 0 0 0 0 0 0 0 0 0 98 0 0 0 0 0 0 0 0 0 57 0 0 0 0 118 0 0 0 14 0 0 62 0 48 13 0 79 119 0 30 118 0 106 25 0 83 64
 g=12 for M=53 from M=44
0 0 0 0 0 0 0 0 0 0 0 0 0 0 0 32 0 0 0 0 0 0 0 0 0 54 0 0 0 0 36 0 0 0 42 0 0 16 0 108 14 0 86 85 0 0 107 0 58 60 0 1 42 0 17 103
 g=12 for M=44 from M=44
0 0 0 0 0 0 0 0 0 0 0 0 0 0 0 32 0 0 0 0 0 0 0 0 0 54 0 0 0 0 36 0 0 0 42 0 0 16 0 108 14 0 86 85 0 0 107 0 58 60 0 100 9 0 97 112
 g=12 for M=37 from M=37
0 0 0 0 0 0 0 0 0 0 0 0 0 0 0 108 0 0 0 0 0 0 0 0 0 31 0 0 0 0 101 0 0 0 91 0 0 3 0 105 119 0 14 118 0 1 51 0 109 22 0 121 99 0 105 23
 g=12 for M=33 from M=33
0 0 0 0 0 0 0 0 0 0 0 0 0 0 0 117 0 0 0 0 0 0 0 0 0 81 0 0 0 0 54 0 0 0 107 0 0 79 0 98 87 0 73 73 0 85 57 0 84 122 0 15 50 0 23 71
 g=12 for M=73 from M=53
0 0 0 0 0 0 0 0 0 0 0 0 0 0 0 32 0 0 0 0 0 0 0 0 0 54 0 0 0 0 36 0 0 0 42 0 0 16 0 108 14 0 86 85 0 0 107 0 58 60 0 1 42 0 17 103 0 89 62
 g=12 for M=53 from M=53
0 0 0 0 0 0 0 0 0 0 0 0 0 0 0 32 0 0 0 0 0 0 0 0 0 54 0 0 0 0 36 0 0 0 42 0 0 16 0 108 14 0 86 85 0 0 107 0 58 60 0 1 42 0 24 29 0 52 50
 g=12 for M=48 from M=48
0 0 0 0 0 0 0 0 0 0 0 0 0 0 0 51 0 0 0 0 0 0 0 0 0 5 0 0 0 0 115 0 0 0 44 0 0 16 0 94 80 0 84 75 0 45 78 0 32 52 0 82 103 0 1 25 0 29 118
 g=12 for M=46 from M=46
0 0 0 0 0 0 0 0 0 0 0 0 0 0 0 51 0 0 0 0 0 0 0 0 0 5 0 0 0 0 115 0 0 0 44 0 0 16 0 94 80 0 84 75 0 45 78 0 32 52 0 82 103 0 28 114 0 118 89
 g=12 for M=42 from M=42
0 0 0 0 0 0 0 0 0 0 0 0 0 0 0 47 0 0 0 0 0 0 0 0 0 88 0 0 0 0 85 0 0 0 8 0 0 21 0 5 39 0 55 37 0 32 99 0 57 36 0 14 27 0 73 49 0 27 42
 g=12 for M=35 from M=35
0 0 0 0 0 0 0 0 0 0 0 0 0 0 0 78 0 0 0 0 0 0 0 0 0 3 0 0 0 0 120 0 0 0 118 0 0 53 0 109 115 0 34 84 0 113 77 0 4 100 0 95 26 0 66 30 0 37 98
 g=12 for M=23
0 0 0 0 0 0 0 0 0 0 0 0 0 0 0 109 0 0 0 0 0 0 0 0 0 1 0 0 0 0 64 0 0 0 12 0 0 24 0 25 101 0 15 121 0 35 96 0 22 53
 g=12 for M=18
0 0 0 0 0 0 0 0 0 0 0 0 0 0 0 85 0 0 0 0 0 0 0 0 0 73 0 0 0 0 62 0 0 0 105 0 0 101 0 79 104 0 49 120 0 49 119 0 6 94
 g=12 for M=17
0 0 0 0 0 0 0 0 0 0 0 0 0 0 0 16 0 0 0 0 0 0 0 0 0 14 0 0 0 0 109 0 0 0 114 0 0 86 0 8 100 0 106 80 0 98 19 0 103 60
 g=12 for M=16
0 0 0 0 0 0 0 0 0 0 0 0 0 0 0 82 0 0 0 0 0 0 0 0 0 24 0 0 0 0 121 0 0 0 6 0 0 44 0 37 70 0 34 26 0 37 33 0 35 84
 g=12 for M=14
0 0 0 0 0 0 0 0 0 0 0 0 0 0 0 100 0 0 0 0 0 0 0 0 0 72 0 0 0 0 24 0 0 0 79 0 0 82 0 43 10 0 22 29 0 113 97 0 3 81
 g=12 for M=13
0 0 0 0 0 0 0 0 0 0 0 0 0 0 0 85 0 0 0 0 0 0 0 0 0 114 0 0 0 0 1 0 0 0 83 0 0 5 0 114 47 0 79 124 0 104 109 0 15 27
 g=12 for M=12
0 0 0 0 0 0 0 0 0 0 0 0 0 0 0 101 0 0 0 0 0 0 0 0 0 110 0 0 0 0 86 0 0 0 86 0 0 55 0 119 87 0 105 4 0 72 69 0 117 101
 g=12 for M=49 from M=23
0 0 0 0 0 0 0 0 0 0 0 0 0 0 0 109 0 0 0 0 0 0 0 0 0 1 0 0 0 0 64 0 0 0 12 0 0 24 0 25 101 0 15 121 0 35 96 0 22 53 0 99 36
 g=12 for M=36 from M=23
0 0 0 0 0 0 0 0 0 0 0 0 0 0 0 109 0 0 0 0 0 0 0 0 0 1 0 0 0 0 64 0 0 0 12 0 0 24 0 25 101 0 15 121 0 35 96 0 22 53 0 75 33
 g=12 for M=27 from M=27
0 0 0 0 0 0 0 0 0 0 0 0 0 0 0 76 0 0 0 0 0 0 0 0 0 20 0 0 0 0 48 0 0 0 48 0 0 59 0 21 31 0 18 78 0 124 48 0 56 120 0 30 92
 g=12 for M=25 from M=25
0 0 0 0 0 0 0 0 0 0 0 0 0 0 0 20 0 0 0 0 0 0 0 0 0 78 0 0 0 0 41 0 0 0 85 0 0 72 0 43 20 0 37 34 0 38 10 0 74 103 0 58 66
 g=12 for M=24 from M=24
0 0 0 0 0 0 0 0 0 0 0 0 0 0 0 59 0 0 0 0 0 0 0 0 0 6 0 0 0 0 47 0 0 0 16 0 0 97 0 51 8 0 9 60 0 61 65 0 58 28 0 86 50
 g=12 for M=23 from M=23
0 0 0 0 0 0 0 0 0 0 0 0 0 0 0 118 0 0 0 0 0 0 0 0 0 63 0 0 0 0 69 0 0 0 24 0 0 47 0 95 125 0 63 69 0 86 81 0 60 48 0 11 50
 g=12 for M=19 from M=19
0 0 0 0 0 0 0 0 0 0 0 0 0 0 0 52 0 0 0 0 0 0 0 0 0 85 0 0 0 0 76 0 0 0 77 0 0 32 0 55 36 0 63 104 0 59 67 0 56 92 0 44 94
 g=12 for M=17 from M=17
0 0 0 0 0 0 0 0 0 0 0 0 0 0 0 46 0 0 0 0 0 0 0 0 0 98 0 0 0 0 47 0 0 0 14 0 0 56 0 1 45 0 88 6 0 80 47 0 56 76 0 19 116
 g=12 for M=49 from M=49
0 0 0 0 0 0 0 0 0 0 0 0 0 0 0 109 0 0 0 0 0 0 0 0 0 1 0 0 0 0 64 0 0 0 12 0 0 24 0 25 101 0 15 121 0 35 96 0 22 53 0 99 36 0 28 84
 g=12 for M=47 from M=36
0 0 0 0 0 0 0 0 0 0 0 0 0 0 0 109 0 0 0 0 0 0 0 0 0 1 0 0 0 0 64 0 0 0 12 0 0 24 0 25 101 0 15 121 0 35 96 0 22 53 0 75 33 0 113 106
 g=12 for M=44 from M=44
0 0 0 0 0 0 0 0 0 0 0 0 0 0 0 76 0 0 0 0 0 0 0 0 0 20 0 0 0 0 48 0 0 0 48 0 0 59 0 21 31 0 18 78 0 124 48 0 56 120 0 69 14 0 34 41
 g=12 for M=27 from M=27
0 0 0 0 0 0 0 0 0 0 0 0 0 0 0 76 0 0 0 0 0 0 0 0 0 20 0 0 0 0 48 0 0 0 48 0 0 59 0 21 31 0 18 78 0 124 48 0 56 120 0 30 92 0 35 84
 g=12 for M=24 from M=24
0 0 0 0 0 0 0 0 0 0 0 0 0 0 0 59 0 0 0 0 0 0 0 0 0 6 0 0 0 0 47 0 0 0 16 0 0 97 0 51 8 0 9 60 0 61 65 0 58 28 0 86 50 0 42 75
 g=12 for M=56 from M=49
0 0 0 0 0 0 0 0 0 0 0 0 0 0 0 109 0 0 0 0 0 0 0 0 0 1 0 0 0 0 64 0 0 0 12 0 0 24 0 25 101 0 15 121 0 35 96 0 22 53 0 99 36 0 28 84 0 47 74
 g=12 for M=47 from M=47
0 0 0 0 0 0 0 0 0 0 0 0 0 0 0 109 0 0 0 0 0 0 0 0 0 1 0 0 0 0 64 0 0 0 12 0 0 24 0 25 101 0 15 121 0 35 96 0 22 53 0 75 33 0 113 106 0 19 44
 g=12 for M=40 from M=40
0 0 0 0 0 0 0 0 0 0 0 0 0 0 0 64 0 0 0 0 0 0 0 0 0 13 0 0 0 0 27 0 0 0 48 0 0 77 0 103 71 0 82 70 0 26 34 0 91 104 0 67 103 0 108 61 0 13 64
 g=12 for M=38 from M=38
0 0 0 0 0 0 0 0 0 0 0 0 0 0 0 60 0 0 0 0 0 0 0 0 0 67 0 0 0 0 49 0 0 0 19 0 0 15 0 106 15 0 49 16 0 8 101 0 105 30 0 37 123 0 110 16 0 116 82
 g=12 for M=37 from M=37
0 0 0 0 0 0 0 0 0 0 0 0 0 0 0 110 0 0 0 0 0 0 0 0 0 125 0 0 0 0 23 0 0 0 46 0 0 75 0 93 96 0 22 11 0 29 32 0 86 113 0 83 16 0 20 19 0 88 26
 g=12 for M=28 from M=28
0 0 0 0 0 0 0 0 0 0 0 0 0 0 0 100 0 0 0 0 0 0 0 0 0 72 0 0 0 0 24 0 0 0 79 0 0 82 0 43 10 0 22 29 0 113 97 0 3 81 0 54 86 0 13 58 0 6 112
 g=12 for M=90 from M=56
0 0 0 0 0 0 0 0 0 0 0 0 0 0 0 109 0 0 0 0 0 0 0 0 0 1 0 0 0 0 64 0 0 0 12 0 0 24 0 25 101 0 15 121 0 35 96 0 22 53 0 99 36 0 28 84 0 47 74 0 0 82
 g=12 for M=69 from M=56
0 0 0 0 0 0 0 0 0 0 0 0 0 0 0 109 0 0 0 0 0 0 0 0 0 1 0 0 0 0 64 0 0 0 12 0 0 24 0 25 101 0 15 121 0 35 96 0 22 53 0 99 36 0 28 84 0 88 20 0 0 99
 g=12 for M=64 from M=64
0 0 0 0 0 0 0 0 0 0 0 0 0 0 0 21 0 0 0 0 0 0 0 0 0 58 0 0 0 0 29 0 0 0 2 0 0 58 0 70 86 0 15 41 0 70 12 0 0 106 0 32 28 0 16 21 0 32 52 0 0 31
 g=12 for M=63 from M=63
0 0 0 0 0 0 0 0 0 0 0 0 0 0 0 27 0 0 0 0 0 0 0 0 0 64 0 0 0 0 114 0 0 0 87 0 0 84 0 45 91 0 5 92 0 15 18 0 102 81 0 40 98 0 83 81 0 71 61 0 0 97
 g=12 for M=60 from M=60
0 0 0 0 0 0 0 0 0 0 0 0 0 0 0 64 0 0 0 0 0 0 0 0 0 13 0 0 0 0 27 0 0 0 48 0 0 77 0 103 71 0 82 70 0 26 34 0 91 104 0 6 61 0 75 21 0 71 83 0 0 19
 g=12 for M=40 from M=40
0 0 0 0 0 0 0 0 0 0 0 0 0 0 0 64 0 0 0 0 0 0 0 0 0 13 0 0 0 0 27 0 0 0 48 0 0 77 0 103 71 0 82 70 0 26 34 0 91 104 0 67 103 0 108 61 0 13 64 0 0 98
 g=12 for M=90 from M=90
0 0 0 0 0 0 0 0 0 0 0 0 0 0 0 109 0 0 0 0 0 0 0 0 0 1 0 0 0 0 64 0 0 0 12 0 0 24 0 25 101 0 15 121 0 35 96 0 22 53 0 99 36 0 28 84 0 47 74 0 0 82 0 11 124
 g=12 for M=69 from M=69
0 0 0 0 0 0 0 0 0 0 0 0 0 0 0 109 0 0 0 0 0 0 0 0 0 1 0 0 0 0 64 0 0 0 12 0 0 24 0 25 101 0 15 121 0 35 96 0 22 53 0 99 36 0 28 84 0 88 20 0 0 99 0 32 86
 g=12 for M=64 from M=64
0 0 0 0 0 0 0 0 0 0 0 0 0 0 0 21 0 0 0 0 0 0 0 0 0 58 0 0 0 0 29 0 0 0 2 0 0 58 0 70 86 0 15 41 0 70 12 0 0 106 0 32 28 0 16 21 0 32 52 0 0 25 0 0 75
 g=12 for M=63 from M=63
0 0 0 0 0 0 0 0 0 0 0 0 0 0 0 27 0 0 0 0 0 0 0 0 0 64 0 0 0 0 114 0 0 0 87 0 0 84 0 45 91 0 5 92 0 15 18 0 102 81 0 40 98 0 83 81 0 71 61 0 0 74 0 108 122
 g=12 for M=60 from M=60
0 0 0 0 0 0 0 0 0 0 0 0 0 0 0 64 0 0 0 0 0 0 0 0 0 13 0 0 0 0 27 0 0 0 48 0 0 77 0 103 71 0 82 70 0 26 34 0 91 104 0 6 61 0 75 21 0 71 83 0 0 19 0 67 30
 g=12 for M=42 from M=42
0 0 0 0 0 0 0 0 0 0 0 0 0 0 0 20 0 0 0 0 0 0 0 0 0 78 0 0 0 0 41 0 0 0 85 0 0 72 0 43 20 0 37 34 0 38 10 0 74 103 0 58 66 0 46 99 0 7 16 0 0 71 0 68 20
 g=12 for M=98 from M=90
0 0 0 0 0 0 0 0 0 0 0 0 0 0 0 109 0 0 0 0 0 0 0 0 0 1 0 0 0 0 64 0 0 0 12 0 0 24 0 25 101 0 15 121 0 35 96 0 22 53 0 99 36 0 28 84 0 47 74 0 0 82 0 11 124 0 2 38
 g=12 for M=90 from M=90
0 0 0 0 0 0 0 0 0 0 0 0 0 0 0 109 0 0 0 0 0 0 0 0 0 1 0 0 0 0 64 0 0 0 12 0 0 24 0 25 101 0 15 121 0 35 96 0 22 53 0 99 36 0 28 84 0 47 74 0 0 82 0 67 31 0 43 105
 g=12 for M=81 from M=81
0 0 0 0 0 0 0 0 0 0 0 0 0 0 0 109 0 0 0 0 0 0 0 0 0 1 0 0 0 0 64 0 0 0 12 0 0 24 0 25 101 0 15 121 0 35 96 0 22 53 0 75 11 0 121 23 0 11 94 0 0 75 0 62 99 0 34 69
 g=12 for M=71 from M=71
0 0 0 0 0 0 0 0 0 0 0 0 0 0 0 21 0 0 0 0 0 0 0 0 0 58 0 0 0 0 29 0 0 0 2 0 0 58 0 70 86 0 15 41 0 70 12 0 0 106 0 30 64 0 5 28 0 23 103 0 0 44 0 17 35 0 47 72
 g=12 for M=70 from M=70
0 0 0 0 0 0 0 0 0 0 0 0 0 0 0 27 0 0 0 0 0 0 0 0 0 64 0 0 0 0 114 0 0 0 87 0 0 84 0 45 91 0 5 92 0 15 18 0 102 81 0 40 98 0 83 81 0 91 6 0 0 109 0 45 99 0 15 87
 g=12 for M=63 from M=63
0 0 0 0 0 0 0 0 0 0 0 0 0 0 0 76 0 0 0 0 0 0 0 0 0 20 0 0 0 0 48 0 0 0 48 0 0 59 0 21 31 0 18 78 0 124 48 0 56 120 0 69 14 0 34 41 0 102 92 0 0 87 0 12 8 0 22 40
 g=12 for M=60 from M=60
0 0 0 0 0 0 0 0 0 0 0 0 0 0 0 64 0 0 0 0 0 0 0 0 0 13 0 0 0 0 27 0 0 0 48 0 0 77 0 103 71 0 82 70 0 26 34 0 91 104 0 6 61 0 75 21 0 71 83 0 0 19 0 67 30 0 52 50
 g=12 for M=57 from M=57
0 0 0 0 0 0 0 0 0 0 0 0 0 0 0 73 0 0 0 0 0 0 0 0 0 49 0 0 0 0 71 0 0 0 66 0 0 53 0 60 38 0 100 20 0 28 72 0 86 15 0 107 90 0 64 103 0 1 31 0 0 1 0 63 29 0 64 96
 g=12 for M=47 from M=47
0 0 0 0 0 0 0 0 0 0 0 0 0 0 0 109 0 0 0 0 0 0 0 0 0 10 0 0 0 0 65 0 0 0 85 0 0 66 0 77 45 0 36 125 0 101 19 0 124 18 0 49 42 0 91 58 0 84 37 0 0 8 0 100 38 0 72 64
 g=12 for M=123 from M=90
0 0 0 0 0 0 0 0 0 0 0 0 0 0 0 109 0 0 0 0 0 0 0 0 0 1 0 0 0 0 64 0 0 0 12 0 0 24 0 25 101 0 15 121 0 35 96 0 22 53 0 99 36 0 28 84 0 47 74 0 0 82 0 67 31 0 43 105 0 17 85
 g=12 for M=90 from M=90
0 0 0 0 0 0 0 0 0 0 0 0 0 0 0 109 0 0 0 0 0 0 0 0 0 1 0 0 0 0 64 0 0 0 12 0 0 24 0 25 101 0 15 121 0 35 96 0 22 53 0 99 36 0 28 84 0 47 74 0 0 82 0 67 31 0 43 105 0 23 1
 g=12 for M=81 from M=81
0 0 0 0 0 0 0 0 0 0 0 0 0 0 0 109 0 0 0 0 0 0 0 0 0 1 0 0 0 0 64 0 0 0 12 0 0 24 0 25 101 0 15 121 0 35 96 0 22 53 0 75 11 0 121 23 0 11 94 0 0 75 0 62 99 0 34 69 0 51 4
 g=12 for M=63 from M=63
0 0 0 0 0 0 0 0 0 0 0 0 0 0 0 76 0 0 0 0 0 0 0 0 0 20 0 0 0 0 48 0 0 0 48 0 0 59 0 21 31 0 18 78 0 124 48 0 56 120 0 69 14 0 99 47 0 125 76 0 0 89 0 25 3 0 6 17 0 3 9
 g=12 for M=54
0 0 0 0 0 0 0 0 0 0 0 0 0 0 0 110 0 0 0 0 0 0 0 0 0 63 0 0 0 0 68 0 0 0 13 0 0 91 0 8 36 0 122 5 0 64 2 0 51 80
 g=12 for M=39
0 0 0 0 0 0 0 0 0 0 0 0 0 0 0 81 0 0 0 0 0 0 0 0 0 60 0 0 0 0 21 0 0 0 97 0 0 71 0 40 56 0 103 51 0 75 54 0 40 111
 g=12 for M=30
0 0 0 0 0 0 0 0 0 0 0 0 0 0 0 23 0 0 0 0 0 0 0 0 0 59 0 0 0 0 64 0 0 0 63 0 0 99 0 98 87 0 10 114 0 71 123 0 50 107
 g=12 for M=29
0 0 0 0 0 0 0 0 0 0 0 0 0 0 0 17 0 0 0 0 0 0 0 0 0 21 0 0 0 0 59 0 0 0 3 0 0 42 0 28 47 0 21 35 0 12 75 0 37 13
 g=12 for M=26
0 0 0 0 0 0 0 0 0 0 0 0 0 0 0 32 0 0 0 0 0 0 0 0 0 107 0 0 0 0 51 0 0 0 42 0 0 63 0 88 13 0 105 119 0 46 119 0 34 90
 g=12 for M=25
0 0 0 0 0 0 0 0 0 0 0 0 0 0 0 54 0 0 0 0 0 0 0 0 0 14 0 0 0 0 28 0 0 0 122 0 0 26 0 38 60 0 90 123 0 103 43 0 46 92
 g=12 for M=23
0 0 0 0 0 0 0 0 0 0 0 0 0 0 0 111 0 0 0 0 0 0 0 0 0 109 0 0 0 0 35 0 0 0 66 0 0 18 0 102 89 0 123 83 0 21 125 0 43 38
 g=12 for M=20
0 0 0 0 0 0 0 0 0 0 0 0 0 0 0 32 0 0 0 0 0 0 0 0 0 113 0 0 0 0 93 0 0 0 89 0 0 9 0 96 100 0 1 61 0 75 76 0 6 14
 g=12 for M=17
0 0 0 0 0 0 0 0 0 0 0 0 0 0 0 107 0 0 0 0 0 0 0 0 0 30 0 0 0 0 13 0 0 0 83 0 0 37 0 57 63 0 55 15 0 32 61 0 13 5
 g=12 for M=16
0 0 0 0 0 0 0 0 0 0 0 0 0 0 0 116 0 0 0 0 0 0 0 0 0 24 0 0 0 0 88 0 0 0 91 0 0 28 0 107 65 0 13 37 0 58 22 0 15 27
 g=12 for M=13
0 0 0 0 0 0 0 0 0 0 0 0 0 0 0 45 0 0 0 0 0 0 0 0 0 57 0 0 0 0 124 0 0 0 62 0 0 54 0 21 92 0 82 4 0 69 115 0 12 41
 g=12 for M=12
0 0 0 0 0 0 0 0 0 0 0 0 0 0 0 117 0 0 0 0 0 0 0 0 0 74 0 0 0 0 44 0 0 0 98 0 0 107 0 109 57 0 82 19 0 41 46 0 29 27
 g=12 for M=11
0 0 0 0 0 0 0 0 0 0 0 0 0 0 0 48 0 0 0 0 0 0 0 0 0 1 0 0 0 0 62 0 0 0 8 0 0 91 0 83 83 0 89 8 0 8 117 0 79 119
 g=12 for M=21
0 0 0 0 0 0 0 0 0 0 0 0 0 0 0 13 0 0 0 0 0 0 0 0 0 34 0 0 0 0 109 0 0 0 16 0 0 41 0 72 114 0 14 90 0 99 33 0 39 64
 g=12 for M=20
0 0 0 0 0 0 0 0 0 0 0 0 0 0 0 36 0 0 0 0 0 0 0 0 0 33 0 0 0 0 58 0 0 0 74 0 0 21 0 56 41 0 70 65 0 16 80 0 23 70
 g=12 for M=17
0 0 0 0 0 0 0 0 0 0 0 0 0 0 0 118 0 0 0 0 0 0 0 0 0 70 0 0 0 0 69 0 0 0 38 0 0 13 0 15 45 0 59 65 0 120 97 0 102 92
 g=12 for M=15
0 0 0 0 0 0 0 0 0 0 0 0 0 0 0 58 0 0 0 0 0 0 0 0 0 124 0 0 0 0 35 0 0 0 46 0 0 102 0 125 13 0 4 109 0 64 112 0 18 12
 g=12 for M=13
0 0 0 0 0 0 0 0 0 0 0 0 0 0 0 108 0 0 0 0 0 0 0 0 0 46 0 0 0 0 10 0 0 0 30 0 0 71 0 16 109 0 83 17 0 124 77 0 75 34
 g=12 for M=11
0 0 0 0 0 0 0 0 0 0 0 0 0 0 0 87 0 0 0 0 0 0 0 0 0 21 0 0 0 0 84 0 0 0 51 0 0 67 0 50 55 0 36 20 0 31 5 0 10 80
 g=12 for M=21 from M=21
0 0 0 0 0 0 0 0 0 0 0 0 0 0 0 13 0 0 0 0 0 0 0 0 0 34 0 0 0 0 109 0 0 0 16 0 0 41 0 72 114 0 14 90 0 99 33 0 39 64 0 100 23
 g=12 for M=20 from M=20
0 0 0 0 0 0 0 0 0 0 0 0 0 0 0 107 0 0 0 0 0 0 0 0 0 85 0 0 0 0 59 0 0 0 22 0 0 110 0 31 8 0 29 16 0 26 0 0 79 58 0 60 71
 g=12 for M=18 from M=18
0 0 0 0 0 0 0 0 0 0 0 0 0 0 0 84 0 0 0 0 0 0 0 0 0 98 0 0 0 0 87 0 0 0 12 0 0 5 0 82 24 0 89 95 0 125 2 0 89 55 0 93 49
 g=12 for M=16 from M=16
0 0 0 0 0 0 0 0 0 0 0 0 0 0 0 118 0 0 0 0 0 0 0 0 0 3 0 0 0 0 16 0 0 0 87 0 0 75 0 31 101 0 22 18 0 73 124 0 91 54 0 15 119
 g=12 for M=55 from M=21
0 0 0 0 0 0 0 0 0 0 0 0 0 0 0 13 0 0 0 0 0 0 0 0 0 34 0 0 0 0 109 0 0 0 16 0 0 41 0 72 114 0 14 90 0 99 33 0 39 64 0 100 23 0 3 69
 g=12 for M=42 from M=21
0 0 0 0 0 0 0 0 0 0 0 0 0 0 0 13 0 0 0 0 0 0 0 0 0 34 0 0 0 0 109 0 0 0 16 0 0 41 0 72 114 0 14 90 0 99 33 0 39 64 0 100 23 0 124 119
 g=12 for M=40 from M=24
0 0 0 0 0 0 0 0 0 0 0 0 0 0 0 52 0 0 0 0 0 0 0 0 0 12 0 0 0 0 10 0 0 0 36 0 0 79 0 22 118 0 13 31 0 34 4 0 44 45 0 86 23 0 30 109
 g=12 for M=35 from M=35
0 0 0 0 0 0 0 0 0 0 0 0 0 0 0 62 0 0 0 0 0 0 0 0 0 24 0 0 0 0 68 0 0 0 116 0 0 96 0 116 40 0 36 95 0 47 35 0 8 91 0 28 93 0 37 88
 g=12 for M=34 from M=34
0 0 0 0 0 0 0 0 0 0 0 0 0 0 0 14 0 0 0 0 0 0 0 0 0 33 0 0 0 0 74 0 0 0 31 0 0 54 0 73 32 0 63 62 0 69 9 0 112 120 0 109 56 0 95 86
 g=12 for M=29 from M=28
0 0 0 0 0 0 0 0 0 0 0 0 0 0 0 52 0 0 0 0 0 0 0 0 0 101 0 0 0 0 112 0 0 0 8 0 0 49 0 66 43 0 34 45 0 47 20 0 24 106 0 71 17 0 103 8
 g=12 for M=28 from M=28
0 0 0 0 0 0 0 0 0 0 0 0 0 0 0 119 0 0 0 0 0 0 0 0 0 39 0 0 0 0 25 0 0 0 68 0 0 68 0 23 5 0 35 10 0 49 111 0 79 47 0 112 86 0 57 30
 g=12 for M=27 from M=27
0 0 0 0 0 0 0 0 0 0 0 0 0 0 0 91 0 0 0 0 0 0 0 0 0 61 0 0 0 0 60 0 0 0 96 0 0 15 0 43 8 0 103 75 0 4 78 0 112 38 0 0 42 0 105 52
 g=12 for M=25 from M=25
0 0 0 0 0 0 0 0 0 0 0 0 0 0 0 17 0 0 0 0 0 0 0 0 0 61 0 0 0 0 124 0 0 0 42 0 0 112 0 81 4 0 111 61 0 84 55 0 119 28 0 113 62 0 66 61
 g=12 for M=65 from M=55
0 0 0 0 0 0 0 0 0 0 0 0 0 0 0 13 0 0 0 0 0 0 0 0 0 34 0 0 0 0 109 0 0 0 16 0 0 41 0 72 114 0 14 90 0 99 33 0 39 64 0 100 23 0 3 69 0 25 16
 g=12 for M=63 from M=55
0 0 0 0 0 0 0 0 0 0 0 0 0 0 0 13 0 0 0 0 0 0 0 0 0 34 0 0 0 0 109 0 0 0 16 0 0 41 0 72 114 0 14 90 0 99 33 0 39 64 0 100 23 0 35 102 0 4 65
 g=12 for M=55 from M=55
0 0 0 0 0 0 0 0 0 0 0 0 0 0 0 13 0 0 0 0 0 0 0 0 0 34 0 0 0 0 109 0 0 0 16 0 0 41 0 72 114 0 14 90 0 99 33 0 39 64 0 100 23 0 35 102 0 24 63
 g=12 for M=49 from M=49
0 0 0 0 0 0 0 0 0 0 0 0 0 0 0 120 0 0 0 0 0 0 0 0 0 24 0 0 0 0 56 0 0 0 2 0 0 67 0 53 31 0 86 63 0 89 112 0 3 49 0 76 79 0 41 0 0 117 121
 g=12 for M=47 from M=47
0 0 0 0 0 0 0 0 0 0 0 0 0 0 0 49 0 0 0 0 0 0 0 0 0 89 0 0 0 0 57 0 0 0 53 0 0 25 0 114 104 0 49 19 0 68 46 0 11 95 0 92 75 0 27 7 0 8 53
 g=12 for M=42 from M=42
0 0 0 0 0 0 0 0 0 0 0 0 0 0 0 4 0 0 0 0 0 0 0 0 0 122 0 0 0 0 7 0 0 0 52 0 0 85 0 121 26 0 91 69 0 58 78 0 25 7 0 57 105 0 18 5 0 55 95
 g=12 for M=41 from M=41
0 0 0 0 0 0 0 0 0 0 0 0 0 0 0 36 0 0 0 0 0 0 0 0 0 33 0 0 0 0 58 0 0 0 74 0 0 21 0 56 41 0 70 65 0 16 80 0 23 70 0 75 66 0 91 105 0 64 21
 g=12 for M=38 from M=38
0 0 0 0 0 0 0 0 0 0 0 0 0 0 0 84 0 0 0 0 0 0 0 0 0 124 0 0 0 0 31 0 0 0 3 0 0 22 0 31 91 0 78 6 0 117 100 0 73 63 0 34 57 0 18 1 0 100 56
 g=12 for M=34 from M=34
0 0 0 0 0 0 0 0 0 0 0 0 0 0 0 101 0 0 0 0 0 0 0 0 0 43 0 0 0 0 98 0 0 0 35 0 0 76 0 80 36 0 18 84 0 116 41 0 102 7 0 35 25 0 47 109 0 3 17
 g=12 for M=33 from M=33
0 0 0 0 0 0 0 0 0 0 0 0 0 0 0 107 0 0 0 0 0 0 0 0 0 15 0 0 0 0 18 0 0 0 79 0 0 18 0 112 20 0 125 39 0 38 29 0 49 77 0 74 118 0 83 91 0 70 122
 g=12 for M=75 from M=65
0 0 0 0 0 0 0 0 0 0 0 0 0 0 0 13 0 0 0 0 0 0 0 0 0 34 0 0 0 0 109 0 0 0 16 0 0 41 0 72 114 0 14 90 0 99 33 0 39 64 0 100 23 0 3 69 0 25 16 0 0 72
 g=12 for M=65 from M=65
0 0 0 0 0 0 0 0 0 0 0 0 0 0 0 13 0 0 0 0 0 0 0 0 0 34 0 0 0 0 109 0 0 0 16 0 0 41 0 72 114 0 14 90 0 99 33 0 39 64 0 100 23 0 3 69 0 75 83 0 0 39
 g=12 for M=63 from M=63
0 0 0 0 0 0 0 0 0 0 0 0 0 0 0 13 0 0 0 0 0 0 0 0 0 34 0 0 0 0 109 0 0 0 16 0 0 41 0 72 114 0 14 90 0 99 33 0 39 64 0 100 23 0 35 102 0 4 65 0 0 5
 g=12 for M=62 from M=62
0 0 0 0 0 0 0 0 0 0 0 0 0 0 0 52 0 0 0 0 0 0 0 0 0 12 0 0 0 0 10 0 0 0 36 0 0 79 0 22 118 0 13 31 0 34 4 0 44 45 0 90 125 0 73 16 0 79 63 0 0 57
 g=12 for M=58 from M=58
0 0 0 0 0 0 0 0 0 0 0 0 0 0 0 52 0 0 0 0 0 0 0 0 0 12 0 0 0 0 10 0 0 0 36 0 0 79 0 22 118 0 13 31 0 34 4 0 44 45 0 109 50 0 56 121 0 16 23 0 0 53
 g=12 for M=49 from M=49
0 0 0 0 0 0 0 0 0 0 0 0 0 0 0 14 0 0 0 0 0 0 0 0 0 33 0 0 0 0 74 0 0 0 31 0 0 54 0 73 32 0 63 62 0 69 9 0 112 120 0 23 75 0 82 28 0 56 91 0 0 31
 g=12 for M=46 from M=46
0 0 0 0 0 0 0 0 0 0 0 0 0 0 0 117 0 0 0 0 0 0 0 0 0 110 0 0 0 0 125 0 0 0 7 0 0 36 0 58 117 0 37 15 0 55 83 0 86 109 0 94 14 0 29 4 0 114 17 0 0 7
 g=12 for M=45 from M=45
0 0 0 0 0 0 0 0 0 0 0 0 0 0 0 65 0 0 0 0 0 0 0 0 0 50 0 0 0 0 22 0 0 0 10 0 0 42 0 101 64 0 46 117 0 28 27 0 64 48 0 61 80 0 10 67 0 55 55 0 0 115
 g=12 for M=42 from M=42
0 0 0 0 0 0 0 0 0 0 0 0 0 0 0 112 0 0 0 0 0 0 0 0 0 53 0 0 0 0 90 0 0 0 40 0 0 14 0 122 26 0 8 28 0 28 8 0 110 52 0 119 104 0 121 18 0 14 82 0 0 67
 g=12 for M=41 from M=41
0 0 0 0 0 0 0 0 0 0 0 0 0 0 0 69 0 0 0 0 0 0 0 0 0 46 0 0 0 0 9 0 0 0 64 0 0 65 0 64 78 0 51 121 0 63 86 0 46 3 0 83 80 0 100 71 0 113 59 0 0 107
 g=12 for M=75 from M=75
0 0 0 0 0 0 0 0 0 0 0 0 0 0 0 13 0 0 0 0 0 0 0 0 0 34 0 0 0 0 109 0 0 0 16 0 0 41 0 72 114 0 14 90 0 99 33 0 39 64 0 100 23 0 3 69 0 25 16 0 0 72 0 56 115
 g=12 for M=65 from M=65
0 0 0 0 0 0 0 0 0 0 0 0 0 0 0 13 0 0 0 0 0 0 0 0 0 34 0 0 0 0 109 0 0 0 16 0 0 41 0 72 114 0 14 90 0 99 33 0 39 64 0 100 23 0 3 69 0 75 83 0 0 39 0 58 33
 g=12 for M=63 from M=63
0 0 0 0 0 0 0 0 0 0 0 0 0 0 0 13 0 0 0 0 0 0 0 0 0 34 0 0 0 0 109 0 0 0 16 0 0 41 0 72 114 0 14 90 0 99 33 0 39 64 0 100 23 0 35 102 0 4 65 0 0 94 0 68 73
 g=12 for M=62 from M=62
0 0 0 0 0 0 0 0 0 0 0 0 0 0 0 52 0 0 0 0 0 0 0 0 0 12 0 0 0 0 10 0 0 0 36 0 0 79 0 22 118 0 13 31 0 34 4 0 44 45 0 90 125 0 73 16 0 79 63 0 0 57 0 40 42
 g=12 for M=58 from M=58
0 0 0 0 0 0 0 0 0 0 0 0 0 0 0 52 0 0 0 0 0 0 0 0 0 12 0 0 0 0 10 0 0 0 36 0 0 79 0 22 118 0 13 31 0 34 4 0 44 45 0 109 50 0 56 121 0 16 23 0 0 83 0 72 54
 g=12 for M=49 from M=49
0 0 0 0 0 0 0 0 0 0 0 0 0 0 0 84 0 0 0 0 0 0 0 0 0 124 0 0 0 0 31 0 0 0 3 0 0 22 0 31 91 0 78 6 0 117 100 0 73 63 0 34 57 0 100 38 0 9 10 0 0 90 0 65 112
 g=12 for M=45 from M=45
0 0 0 0 0 0 0 0 0 0 0 0 0 0 0 65 0 0 0 0 0 0 0 0 0 50 0 0 0 0 22 0 0 0 10 0 0 42 0 101 64 0 46 117 0 28 27 0 64 48 0 61 80 0 10 67 0 55 55 0 0 115 0 3 6
 g=12 for M=42 from M=42
0 0 0 0 0 0 0 0 0 0 0 0 0 0 0 112 0 0 0 0 0 0 0 0 0 53 0 0 0 0 90 0 0 0 40 0 0 14 0 122 26 0 8 28 0 28 8 0 110 52 0 119 104 0 121 18 0 14 82 0 0 67 0 21 117
 g=12 for M=109 from M=75
0 0 0 0 0 0 0 0 0 0 0 0 0 0 0 13 0 0 0 0 0 0 0 0 0 34 0 0 0 0 109 0 0 0 16 0 0 41 0 72 114 0 14 90 0 99 33 0 39 64 0 100 23 0 3 69 0 25 16 0 0 72 0 56 115 0 17 90
 g=12 for M=105 from M=105
0 0 0 0 0 0 0 0 0 0 0 0 0 0 0 13 0 0 0 0 0 0 0 0 0 34 0 0 0 0 109 0 0 0 16 0 0 41 0 72 114 0 14 90 0 99 33 0 39 64 0 100 23 0 3 69 0 25 16 0 0 72 0 114 103 0 110 73
 g=12 for M=93 from M=93
0 0 0 0 0 0 0 0 0 0 0 0 0 0 0 13 0 0 0 0 0 0 0 0 0 34 0 0 0 0 109 0 0 0 16 0 0 41 0 72 114 0 14 90 0 99 33 0 39 64 0 100 23 0 3 69 0 75 83 0 0 39 0 19 4 0 68 66
 g=12 for M=65 from M=65
0 0 0 0 0 0 0 0 0 0 0 0 0 0 0 13 0 0 0 0 0 0 0 0 0 34 0 0 0 0 109 0 0 0 16 0 0 41 0 72 114 0 14 90 0 99 33 0 39 64 0 100 23 0 3 69 0 75 83 0 0 39 0 58 33 0 113 77
 g=12 for M=63 from M=63
0 0 0 0 0 0 0 0 0 0 0 0 0 0 0 13 0 0 0 0 0 0 0 0 0 34 0 0 0 0 109 0 0 0 16 0 0 41 0 72 114 0 14 90 0 99 33 0 39 64 0 100 23 0 35 102 0 4 65 0 0 94 0 68 73 0 15 85
 g=12 for M=62 from M=62
0 0 0 0 0 0 0 0 0 0 0 0 0 0 0 72 0 0 0 0 0 0 0 0 0 123 0 0 0 0 1 0 0 0 92 0 0 43 0 16 116 0 110 81 0 58 18 0 75 47 0 64 97 0 76 104 0 59 3 0 0 8 0 19 50 0 77 16
 g=12 for M=60 from M=60
0 0 0 0 0 0 0 0 0 0 0 0 0 0 0 29 0 0 0 0 0 0 0 0 0 76 0 0 0 0 72 0 0 0 91 0 0 95 0 61 68 0 38 47 0 57 101 0 14 55 0 111 63 0 1 92 0 95 28 0 0 102 0 18 12 0 125 110
 g=12 for M=114 from M=105
0 0 0 0 0 0 0 0 0 0 0 0 0 0 0 13 0 0 0 0 0 0 0 0 0 34 0 0 0 0 109 0 0 0 16 0 0 41 0 72 114 0 14 90 0 99 33 0 39 64 0 100 23 0 3 69 0 25 16 0 0 72 0 114 103 0 110 73 0 119 95
 g=12 for M=105 from M=105
0 0 0 0 0 0 0 0 0 0 0 0 0 0 0 13 0 0 0 0 0 0 0 0 0 34 0 0 0 0 109 0 0 0 16 0 0 41 0 72 114 0 14 90 0 99 33 0 39 64 0 100 23 0 3 69 0 25 16 0 0 72 0 114 103 0 110 73 0 88 45
 g=12 for M=93 from M=93
0 0 0 0 0 0 0 0 0 0 0 0 0 0 0 13 0 0 0 0 0 0 0 0 0 34 0 0 0 0 109 0 0 0 16 0 0 41 0 72 114 0 14 90 0 99 33 0 39 64 0 100 23 0 3 69 0 75 83 0 0 39 0 19 4 0 68 66 0 76 111
 g=12 for M=65 from M=65
0 0 0 0 0 0 0 0 0 0 0 0 0 0 0 13 0 0 0 0 0 0 0 0 0 34 0 0 0 0 109 0 0 0 16 0 0 41 0 72 114 0 14 90 0 99 33 0 39 64 0 100 23 0 3 69 0 75 83 0 0 39 0 58 33 0 113 77 0 27 41
 g=12 for M=63 from M=63
0 0 0 0 0 0 0 0 0 0 0 0 0 0 0 13 0 0 0 0 0 0 0 0 0 34 0 0 0 0 109 0 0 0 16 0 0 41 0 72 114 0 14 90 0 99 33 0 39 64 0 100 23 0 35 102 0 4 65 0 0 94 0 16 103 0 114 22 0 49 115
 g=12 for M=62 from M=62
0 0 0 0 0 0 0 0 0 0 0 0 0 0 0 72 0 0 0 0 0 0 0 0 0 123 0 0 0 0 1 0 0 0 92 0 0 43 0 16 116 0 110 81 0 58 18 0 75 47 0 64 97 0 76 104 0 59 3 0 0 8 0 19 50 0 77 16 0 15 122
 g=12 for M=60 from M=60
0 0 0 0 0 0 0 0 0 0 0 0 0 0 0 29 0 0 0 0 0 0 0 0 0 76 0 0 0 0 72 0 0 0 91 0 0 95 0 61 68 0 38 47 0 57 101 0 14 55 0 111 63 0 1 92 0 95 28 0 0 102 0 18 12 0 125 110 0 72 14
